 6100.4800   -598.3701    1.0000   -1.0000   -1.0000    1.0000
 6100.5200   -596.4070    1.0000   -1.0000   -1.0000    1.0000
 6100.5600   -594.4439    1.0000   -1.0000   -1.0000    1.0000
 6100.6000   -592.4807    1.0000   -1.0000   -1.0000    1.0000
 6100.6400   -590.5176    1.0000   -1.0000   -1.0000    1.0000
 6100.6800   -588.5545    1.0000   -1.0000   -1.0000    1.0000
 6100.7200   -586.5913    1.0000   -1.0000   -1.0000    1.0000
 6100.7600   -584.6282    1.0000   -1.0000   -1.0000    1.0000
 6100.8000   -582.6651    1.0000   -1.0000   -1.0000    1.0000
 6100.8400   -580.7019    1.0000   -1.0000   -1.0000    1.0000
 6100.8800   -578.7388    1.0000   -1.0000   -1.0000    1.0000
 6100.9200   -576.7756    1.0000   -1.0000   -1.0000    1.0000
 6100.9600   -574.8125    1.0000   -1.0000   -1.0000    1.0000
 6101.0000   -572.8494    1.0000   -1.0000   -1.0000    1.0000
 6101.0400   -570.8862    1.0000   -1.0000   -1.0000    1.0000
 6101.0800   -568.9231    1.0000   -1.0000   -1.0000    1.0000
 6101.1200   -566.9600    1.0000   -1.0000   -1.0000    1.0000
 6101.1600   -564.9968    1.0000   -1.0000   -1.0000    1.0000
 6101.2000   -563.0337    1.0000   -1.0000   -1.0000    1.0000
 6101.2400   -561.0706    1.0000   -1.0000   -1.0000    1.0000
 6101.2800   -559.1074    1.0000   -1.0000   -1.0000    1.0000
 6101.3200   -557.1443    1.0000   -1.0000   -1.0000    1.0000
 6101.3600   -555.1812    1.0000   -1.0000   -1.0000    1.0000
 6101.4000   -553.2180    1.0000   -1.0000   -1.0000    1.0000
 6101.4400   -551.2549    1.0000   -1.0000   -1.0000    1.0000
 6101.4800   -549.2918    1.0000   -1.0000   -1.0000    1.0000
 6101.5200   -547.3286    1.0000   -1.0000   -1.0000    1.0000
 6101.5600   -545.3655    1.0000   -1.0000   -1.0000    1.0000
 6101.6000   -543.4024    1.0000   -1.0000   -1.0000    1.0000
 6101.6400   -541.4392    1.0000   -1.0000   -1.0000    1.0000
 6101.6800   -539.4761    1.0000   -1.0000   -1.0000    1.0000
 6101.7200   -537.5129    1.0000   -1.0000   -1.0000    1.0000
 6101.7600   -535.5498    1.0000   -1.0000   -1.0000    1.0000
 6101.8000   -533.5867    1.0000   -1.0000   -1.0000    1.0000
 6101.8400   -531.6235    1.0000   -1.0000   -1.0000    1.0000
 6101.8800   -529.6604    1.0000   -1.0000   -1.0000    1.0000
 6101.9200   -527.6973    1.0000   -1.0000   -1.0000    1.0000
 6101.9600   -525.7341    1.0000   -1.0000   -1.0000    1.0000
 6102.0000   -523.7710    1.0000   -1.0000   -1.0000    1.0000
 6102.0400   -521.8079    1.0000   -1.0000   -1.0000    1.0000
 6102.0800   -519.8447    1.0000   -1.0000   -1.0000    1.0000
 6102.1200   -517.8816    1.0000   -1.0000   -1.0000    1.0000
 6102.1600   -515.9185    1.0000   -1.0000   -1.0000    1.0000
 6102.2000   -513.9553    1.0000   -1.0000   -1.0000    1.0000
 6102.2400   -511.9922    1.0000   -1.0000   -1.0000    1.0000
 6102.2800   -510.0291    1.0000   -1.0000   -1.0000    1.0000
 6102.3200   -508.0659    1.0000   -1.0000   -1.0000    1.0000
 6102.3600   -506.1028    1.0000   -1.0000   -1.0000    1.0000
 6102.4000   -504.1397    1.0000   -1.0000   -1.0000    1.0000
 6102.4400   -502.1765    1.0000   -1.0000   -1.0000    1.0000
 6102.4800   -500.2134    1.0000   -1.0000   -1.0000    1.0000
 6102.5200   -498.2502    1.0000   -1.0000   -1.0000    1.0000
 6102.5600   -496.2871    1.0000   -1.0000   -1.0000    1.0000
 6102.6000   -494.3240    1.0000   -1.0000   -1.0000    1.0000
 6102.6400   -492.3608    1.0000   -1.0000   -1.0000    1.0000
 6102.6800   -490.3977    1.0000   -1.0000   -1.0000    1.0000
 6102.7200   -488.4346    1.0000   -1.0000   -1.0000    1.0000
 6102.7600   -486.4714    1.0000   -1.0000   -1.0000    1.0000
 6102.8000   -484.5083    1.0000   -1.0000   -1.0000    1.0000
 6102.8400   -482.5452    1.0000   -1.0000   -1.0000    1.0000
 6102.8800   -480.5820    1.0000   -1.0000   -1.0000    1.0000
 6102.9200   -478.6189    1.0000   -1.0000   -1.0000    1.0000
 6102.9600   -476.6558    1.0000   -1.0000   -1.0000    1.0000
 6103.0000   -474.6926    1.0000   -1.0000   -1.0000    1.0000
 6103.0400   -472.7295    1.0000   -1.0000   -1.0000    1.0000
 6103.0800   -470.7664    1.0000   -1.0000   -1.0000    1.0000
 6103.1200   -468.8032    1.0000   -1.0000   -1.0000    1.0000
 6103.1600   -466.8401    1.0000   -1.0000   -1.0000    1.0000
 6103.2000   -464.8770    1.0000   -1.0000   -1.0000    1.0000
 6103.2400   -462.9138    1.0000   -1.0000   -1.0000    1.0000
 6103.2800   -460.9507    1.0000   -1.0000   -1.0000    1.0000
 6103.3200   -458.9876    1.0000   -1.0000   -1.0000    1.0000
 6103.3600   -457.0244    1.0000   -1.0000   -1.0000    1.0000
 6103.4000   -455.0613    1.0000   -1.0000   -1.0000    1.0000
 6103.4400   -453.0981    1.0000   -1.0000   -1.0000    1.0000
 6103.4800   -451.1350    1.0000   -1.0000   -1.0000    1.0000
 6103.5200   -449.1719    1.0000   -1.0000   -1.0000    1.0000
 6103.5600   -447.2087    1.0000   -1.0000   -1.0000    1.0000
 6103.6000   -445.2456    1.0000   -1.0000   -1.0000    1.0000
 6103.6400   -443.2825    1.0000   -1.0000   -1.0000    1.0000
 6103.6800   -441.3193    1.0000   -1.0000   -1.0000    1.0000
 6103.7200   -439.3562    1.0000   -1.0000   -1.0000    1.0000
 6103.7600   -437.3931    1.0000   -1.0000   -1.0000    1.0000
 6103.8000   -435.4299    1.0000   -1.0000   -1.0000    1.0000
 6103.8400   -433.4668    1.0000   -1.0000   -1.0000    1.0000
 6103.8800   -431.5037    1.0000   -1.0000   -1.0000    1.0000
 6103.9200   -429.5405    1.0000   -1.0000   -1.0000    1.0000
 6103.9600   -427.5774    1.0000   -1.0000   -1.0000    1.0000
 6104.0000   -425.6143    1.0000   -1.0000   -1.0000    1.0000
 6104.0400   -423.6511    1.0000   -1.0000   -1.0000    1.0000
 6104.0800   -421.6880    1.0000   -1.0000   -1.0000    1.0000
 6104.1200   -419.7249    1.0000   -1.0000   -1.0000    1.0000
 6104.1600   -417.7617    1.0000   -1.0000   -1.0000    1.0000
 6104.2000   -415.7986    1.0000   -1.0000   -1.0000    1.0000
 6104.2400   -413.8354    1.0000   -1.0000   -1.0000    1.0000
 6104.2800   -411.8723    1.0000   -1.0000   -1.0000    1.0000
 6104.3200   -409.9092    1.0000   -1.0000   -1.0000    1.0000
 6104.3600   -407.9460    1.0000   -1.0000   -1.0000    1.0000
 6104.4000   -405.9829    1.0000   -1.0000   -1.0000    1.0000
 6104.4400   -404.0198    1.0000   -1.0000   -1.0000    1.0000
 6104.4800   -402.0566    1.0000   -1.0000   -1.0000    1.0000
 6104.5200   -400.0935    1.0000   -1.0000   -1.0000    1.0000
 6104.5600   -398.1304    1.0000   -1.0000   -1.0000    1.0000
 6104.6000   -396.1672    1.0000   -1.0000   -1.0000    1.0000
 6104.6400   -394.2041    1.0000   -1.0000   -1.0000    1.0000
 6104.6800   -392.2410    1.0000   -1.0000   -1.0000    1.0000
 6104.7200   -390.2778    1.0000   -1.0000   -1.0000    1.0000
 6104.7600   -388.3147    1.0000   -1.0000   -1.0000    1.0000
 6104.8000   -386.3516    1.0000   -1.0000   -1.0000    1.0000
 6104.8400   -384.3884    1.0000   -1.0000   -1.0000    1.0000
 6104.8800   -382.4253    1.0000   -1.0000   -1.0000    1.0000
 6104.9200   -380.4622    1.0000   -1.0000   -1.0000    1.0000
 6104.9600   -378.4990    1.0000   -1.0000   -1.0000    1.0000
 6105.0000   -376.5359    1.0000   -1.0000   -1.0000    1.0000
 6105.0400   -374.5728    1.0000   -1.0000   -1.0000    1.0000
 6105.0800   -372.6096    1.0000   -1.0000   -1.0000    1.0000
 6105.1200   -370.6465    1.0000   -1.0000   -1.0000    1.0000
 6105.1600   -368.6833    1.0000   -1.0000   -1.0000    1.0000
 6105.2000   -366.7202    1.0000   -1.0000   -1.0000    1.0000
 6105.2400   -364.7571    1.0000   -1.0000   -1.0000    1.0000
 6105.2800   -362.7939    1.0000   -1.0000   -1.0000    1.0000
 6105.3200   -360.8308    1.0000   -1.0000   -1.0000    1.0000
 6105.3600   -358.8677    1.0000   -1.0000   -1.0000    1.0000
 6105.4000   -356.9045    1.0000   -1.0000   -1.0000    1.0000
 6105.4400   -354.9414    1.0000   -1.0000   -1.0000    1.0000
 6105.4800   -352.9783    1.0000   -1.0000   -1.0000    1.0000
 6105.5200   -351.0151    1.0000   -1.0000   -1.0000    1.0000
 6105.5600   -349.0520    1.0000   -1.0000   -1.0000    1.0000
 6105.6000   -347.0889    1.0000   -1.0000   -1.0000    1.0000
 6105.6400   -345.1257    1.0000   -1.0000   -1.0000    1.0000
 6105.6800   -343.1626    1.0000   -1.0000   -1.0000    1.0000
 6105.7200   -341.1995    1.0000   -1.0000   -1.0000    1.0000
 6105.7600   -339.2363    1.0000   -1.0000   -1.0000    1.0000
 6105.8000   -337.2732    1.0000   -1.0000   -1.0000    1.0000
 6105.8400   -335.3101    1.0000   -1.0000   -1.0000    1.0000
 6105.8800   -333.3469    1.0000   -1.0000   -1.0000    1.0000
 6105.9200   -331.3838    1.0000   -1.0000   -1.0000    1.0000
 6105.9600   -329.4206    1.0000   -1.0000   -1.0000    1.0000
 6106.0000   -327.4575    1.0000   -1.0000   -1.0000    1.0000
 6106.0400   -325.4944    1.0000   -1.0000   -1.0000    1.0000
 6106.0800   -323.5312    1.0000   -1.0000   -1.0000    1.0000
 6106.1200   -321.5681    1.0000   -1.0000   -1.0000    1.0000
 6106.1600   -319.6050    1.0000   -1.0000   -1.0000    1.0000
 6106.2000   -317.6418    1.0000   -1.0000   -1.0000    1.0000
 6106.2400   -315.6787    1.0000   -1.0000   -1.0000    1.0000
 6106.2800   -313.7156    1.0000   -1.0000   -1.0000    1.0000
 6106.3200   -311.7524    1.0000   -1.0000   -1.0000    1.0000
 6106.3600   -309.7893    1.0000   -1.0000   -1.0000    1.0000
 6106.4000   -307.8262    1.0000   -1.0000   -1.0000    1.0000
 6106.4400   -305.8630    1.0000   -1.0000   -1.0000    1.0000
 6106.4800   -303.8999    1.0000   -1.0000   -1.0000    1.0000
 6106.5200   -301.9368    1.0000   -1.0000   -1.0000    1.0000
 6106.5600   -299.9736    1.0000   -1.0000   -1.0000    1.0000
 6106.6000   -298.0105    1.0000   -1.0000   -1.0000    1.0000
 6106.6400   -296.0474    1.0000   -1.0000   -1.0000    1.0000
 6106.6800   -294.0842    1.0000   -1.0000   -1.0000    1.0000
 6106.7200   -292.1211    1.0000   -1.0000   -1.0000    1.0000
 6106.7600   -290.1580    1.0000   -1.0000   -1.0000    1.0000
 6106.8000   -288.1948    1.0000   -1.0000   -1.0000    1.0000
 6106.8400   -286.2317    1.0000   -1.0000   -1.0000    1.0000
 6106.8800   -284.2685    1.0000   -1.0000   -1.0000    1.0000
 6106.9200   -282.3054    1.0000   -1.0000   -1.0000    1.0000
 6106.9600   -280.3423    1.0000   -1.0000   -1.0000    1.0000
 6107.0000   -278.3791    1.0000   -1.0000   -1.0000    1.0000
 6107.0400   -276.4160    1.0000   -1.0000   -1.0000    1.0000
 6107.0800   -274.4529    1.0000   -1.0000   -1.0000    1.0000
 6107.1200   -272.4897    1.0000   -1.0000   -1.0000    1.0000
 6107.1600   -270.5266    1.0000   -1.0000   -1.0000    1.0000
 6107.2000   -268.5635    1.0000   -1.0000   -1.0000    1.0000
 6107.2400   -266.6003    1.0000   -1.0000   -1.0000    1.0000
 6107.2800   -264.6372    1.0000   -1.0000   -1.0000    1.0000
 6107.3200   -262.6741    1.0000   -1.0000   -1.0000    1.0000
 6107.3600   -260.7109    1.0000   -1.0000   -1.0000    1.0000
 6107.4000   -258.7478    1.0000   -1.0000   -1.0000    1.0000
 6107.4400   -256.7847    1.0000   -1.0000   -1.0000    1.0000
 6107.4800   -254.8215    1.0000   -1.0000   -1.0000    1.0000
 6107.5200   -252.8584    1.0000   -1.0000   -1.0000    1.0000
 6107.5600   -250.8953    1.0000   -1.0000   -1.0000    1.0000
 6107.6000   -248.9321    1.0000   -1.0000   -1.0000    1.0000
 6107.6400   -246.9690    1.0000   -1.0000   -1.0000    1.0000
 6107.6800   -245.0058    1.0000   -1.0000   -1.0000    1.0000
 6107.7200   -243.0427    1.0000   -1.0000   -1.0000    1.0000
 6107.7600   -241.0796    1.0000   -1.0000   -1.0000    1.0000
 6107.8000   -239.1164    1.0000   -1.0000   -1.0000    1.0000
 6107.8400   -237.1533    1.0000   -1.0000   -1.0000    1.0000
 6107.8800   -235.1902    1.0000   -1.0000   -1.0000    1.0000
 6107.9200   -233.2270    1.0000   -1.0000   -1.0000    1.0000
 6107.9600   -231.2639    1.0000   -1.0000   -1.0000    1.0000
 6108.0000   -229.3008    1.0000   -1.0000   -1.0000    1.0000
 6108.0400   -227.3376    1.0000   -1.0000   -1.0000    1.0000
 6108.0800   -225.3745    1.0000   -1.0000   -1.0000    1.0000
 6108.1200   -223.4114    1.0000   -1.0000   -1.0000    1.0000
 6108.1600   -221.4482    1.0000   -1.0000   -1.0000    1.0000
 6108.2000   -219.4851    1.0000   -1.0000   -1.0000    1.0000
 6108.2400   -217.5220    1.0000   -1.0000   -1.0000    1.0000
 6108.2800   -215.5588    1.0000   -1.0000   -1.0000    1.0000
 6108.3200   -213.5957    1.0000   -1.0000   -1.0000    1.0000
 6108.3600   -211.6326    1.0000   -1.0000   -1.0000    1.0000
 6108.4000   -209.6694    1.0000   -1.0000   -1.0000    1.0000
 6108.4400   -207.7063    1.0000   -1.0000   -1.0000    1.0000
 6108.4800   -205.7431    1.0000   -1.0000   -1.0000    1.0000
 6108.5200   -203.7800    1.0000   -1.0000   -1.0000    1.0000
 6108.5600   -201.8169    1.0000   -1.0000   -1.0000    1.0000
 6108.6000   -199.8537    1.0000   -1.0000   -1.0000    1.0000
 6108.6400   -197.8906    1.0000   -1.0000   -1.0000    1.0000
 6108.6800   -195.9275    1.0000   -1.0000   -1.0000    1.0000
 6108.7200   -193.9643    1.0000   -1.0000   -1.0000    1.0000
 6108.7600   -192.0012    1.0000   -1.0000   -1.0000    1.0000
 6108.8000   -190.0381    1.0000   -1.0000   -1.0000    1.0000
 6108.8400   -188.0749    1.0000   -1.0000   -1.0000    1.0000
 6108.8800   -186.1118    1.0000   -1.0000   -1.0000    1.0000
 6108.9200   -184.1487    1.0000   -1.0000   -1.0000    1.0000
 6108.9600   -182.1855    1.0000   -1.0000   -1.0000    1.0000
 6109.0000   -180.2224    1.0000   -1.0000   -1.0000    1.0000
 6109.0400   -178.2593    1.0000   -1.0000   -1.0000    1.0000
 6109.0800   -176.2961    1.0000   -1.0000   -1.0000    1.0000
 6109.1200   -174.3330    1.0000   -1.0000   -1.0000    1.0000
 6109.1600   -172.3699    1.0000   -1.0000   -1.0000    1.0000
 6109.2000   -170.4067    1.0000   -1.0000   -1.0000    1.0000
 6109.2400   -168.4436    1.0000   -1.0000   -1.0000    1.0000
 6109.2800   -166.4805    1.0000   -1.0000   -1.0000    1.0000
 6109.3200   -164.5173    1.0000   -1.0000   -1.0000    1.0000
 6109.3600   -162.5542    1.0000   -1.0000   -1.0000    1.0000
 6109.4000   -160.5910    1.0000   -1.0000   -1.0000    1.0000
 6109.4400   -158.6279    1.0000   -1.0000   -1.0000    1.0000
 6109.4800   -156.6648    1.0000   -1.0000   -1.0000    1.0000
 6109.5200   -154.7016    1.0000   -1.0000   -1.0000    1.0000
 6109.5600   -152.7385    1.0000   -1.0000   -1.0000    1.0000
 6109.6000   -150.7754    1.0000   -1.0000   -1.0000    1.0000
 6109.6400   -148.8122    1.0000   -1.0000   -1.0000    1.0000
 6109.6800   -146.8491    1.0000   -1.0000   -1.0000    1.0000
 6109.7200   -144.8860    1.0000   -1.0000   -1.0000    1.0000
 6109.7600   -142.9228    1.0000   -1.0000   -1.0000    1.0000
 6109.8000   -140.9597    1.0000   -1.0000   -1.0000    1.0000
 6109.8400   -138.9966    1.0000   -1.0000   -1.0000    1.0000
 6109.8800   -137.0334    1.0000   -1.0000   -1.0000    1.0000
 6109.9200   -135.0703    1.0000   -1.0000   -1.0000    1.0000
 6109.9600   -133.1072    1.0000   -1.0000   -1.0000    1.0000
 6110.0000   -131.1440    1.0000   -1.0000   -1.0000    1.0000
 6110.0400   -129.1809    1.0000   -1.0000   -1.0000    1.0000
 6110.0800   -127.2178    1.0000   -1.0000   -1.0000    1.0000
 6110.1200   -125.2546    1.0000   -1.0000   -1.0000    1.0000
 6110.1600   -123.2915    1.0000   -1.0000   -1.0000    1.0000
 6110.2000   -121.3283    1.0000   -1.0000   -1.0000    1.0000
 6110.2400   -119.3652    1.0000   -1.0000   -1.0000    1.0000
 6110.2800   -117.4021    1.0000   -1.0000   -1.0000    1.0000
 6110.3200   -115.4389    1.0000   -1.0000   -1.0000    1.0000
 6110.3600   -113.4758    1.0000   -1.0000   -1.0000    1.0000
 6110.4000   -111.5127    1.0000   -1.0000   -1.0000    1.0000
 6110.4400   -109.5495    1.0000   -1.0000   -1.0000    1.0000
 6110.4800   -107.5864    1.0000   -1.0000   -1.0000    1.0000
 6110.5200   -105.6233    1.0000   -1.0000   -1.0000    1.0000
 6110.5600   -103.6601    1.0000   -1.0000   -1.0000    1.0000
 6110.6000   -101.6970    1.0000   -1.0000   -1.0000    1.0000
 6110.6400    -99.7339    1.0000   -1.0000   -1.0000    1.0000
 6110.6800    -97.7707    1.0000   -1.0000   -1.0000    1.0000
 6110.7200    -95.8076    1.0000   -1.0000   -1.0000    1.0000
 6110.7600    -93.8445    1.0000   -1.0000   -1.0000    1.0000
 6110.8000    -91.8813    1.0000   -1.0000   -1.0000    1.0000
 6110.8400    -89.9182    1.0000   -1.0000   -1.0000    1.0000
 6110.8800    -87.9551    1.0000   -1.0000   -1.0000    1.0000
 6110.9200    -85.9919    1.0000   -1.0000   -1.0000    1.0000
 6110.9600    -84.0288    1.0000   -1.0000   -1.0000    1.0000
 6111.0000    -82.0657    1.0000   -1.0000   -1.0000    1.0000
 6111.0400    -80.1025    1.0000   -1.0000   -1.0000    1.0000
 6111.0800    -78.1394    1.0000   -1.0000   -1.0000    1.0000
 6111.1200    -76.1762    1.0000   -1.0000   -1.0000    1.0000
 6111.1600    -74.2131    1.0000   -1.0000   -1.0000    1.0000
 6111.2000    -72.2500    1.0000   -1.0000   -1.0000    1.0000
 6111.2400    -70.2868    1.0000   -1.0000   -1.0000    1.0000
 6111.2800    -68.3237    1.0000   -1.0000   -1.0000    1.0000
 6111.3200    -66.3606    1.0000   -1.0000   -1.0000    1.0000
 6111.3600    -64.3974    1.0000   -1.0000   -1.0000    1.0000
 6111.4000    -62.4343    1.0000   -1.0000   -1.0000    1.0000
 6111.4400    -60.4712    1.0000   -1.0000   -1.0000    1.0000
 6111.4800    -58.5080    1.0000   -1.0000   -1.0000    1.0000
 6111.5200    -56.5449    1.0000   -1.0000   -1.0000    1.0000
 6111.5600    -54.5818    1.0000   -1.0000   -1.0000    1.0000
 6111.6000    -52.6186    1.0000   -1.0000   -1.0000    1.0000
 6111.6400    -50.6555    1.0000   -1.0000   -1.0000    1.0000
 6111.6800    -48.6924    1.0000   -1.0000   -1.0000    1.0000
 6111.7200    -46.7292    1.0000   -1.0000   -1.0000    1.0000
 6111.7600    -44.7661    1.0000   -1.0000   -1.0000    1.0000
 6111.8000    -42.8030    1.0000   -1.0000   -1.0000    1.0000
 6111.8400    -40.8398    1.0000   -1.0000   -1.0000    1.0000
 6111.8800    -38.8767    1.0000   -1.0000   -1.0000    1.0000
 6111.9200    -36.9135    1.0000   -1.0000   -1.0000    1.0000
 6111.9600    -34.9504    1.0000   -1.0000   -1.0000    1.0000
 6112.0000    -32.9873    1.0000   -1.0000   -1.0000    1.0000
 6112.0400    -31.0241    1.0000   -1.0000   -1.0000    1.0000
 6112.0800    -29.0610    1.0000   -1.0000   -1.0000    1.0000
 6112.1200    -27.0979    1.0000   -1.0000   -1.0000    1.0000
 6112.1600    -25.1347    1.0000   -1.0000   -1.0000    1.0000
 6112.2000    -23.1716    1.0000   -1.0000   -1.0000    1.0000
 6112.2400    -21.2085    1.0000   -1.0000   -1.0000    1.0000
 6112.2800    -19.2453    1.0000   -1.0000   -1.0000    1.0000
 6112.3200    -17.2822    1.0000   -1.0000   -1.0000    1.0000
 6112.3600    -15.3191    1.0000   -1.0000   -1.0000    1.0000
 6112.4000    -13.3559    1.0000   -1.0000   -1.0000    1.0000
 6112.4400    -11.3928    1.0000   -1.0000   -1.0000    1.0000
 6112.4800     -9.4297    1.0000   -1.0000   -1.0000    1.0000
 6112.5200     -7.4665    1.0000   -1.0000   -1.0000    1.0000
 6112.5600     -5.5034    1.0000   -1.0000   -1.0000    1.0000
 6112.6000     -3.5403    1.0000   -1.0000   -1.0000    1.0000
 6112.6400     -1.5771    1.0000   -1.0000   -1.0000    1.0000
 6112.6800      0.3860    1.0000   -1.0000   -1.0000    1.0000
 6112.7200      2.3491    1.0000   -1.0000   -1.0000    1.0000
 6112.7600      4.3123    1.0000   -1.0000   -1.0000    1.0000
 6112.8000      6.2754    1.0000   -1.0000   -1.0000    1.0000
 6112.8400      8.2386    1.0000   -1.0000   -1.0000    1.0000
 6112.8800     10.2017    1.0000   -1.0000   -1.0000    1.0000
 6112.9200     12.1648    1.0000   -1.0000   -1.0000    1.0000
 6112.9600     14.1280    1.0000   -1.0000   -1.0000    1.0000
 6113.0000     16.0911    1.0000   -1.0000   -1.0000    1.0000
 6113.0400     18.0542    1.0000   -1.0000   -1.0000    1.0000
 6113.0800     20.0174    1.0000   -1.0000   -1.0000    1.0000
 6113.1200     21.9805    1.0000   -1.0000   -1.0000    1.0000
 6113.1600     23.9436    1.0000   -1.0000   -1.0000    1.0000
 6113.2000     25.9068    1.0000   -1.0000   -1.0000    1.0000
 6113.2400     27.8699    1.0000   -1.0000   -1.0000    1.0000
 6113.2800     29.8330    1.0000   -1.0000   -1.0000    1.0000
 6113.3200     31.7962    1.0000   -1.0000   -1.0000    1.0000
 6113.3600     33.7593    1.0000   -1.0000   -1.0000    1.0000
 6113.4000     35.7224    1.0000   -1.0000   -1.0000    1.0000
 6113.4400     37.6856    1.0000   -1.0000   -1.0000    1.0000
 6113.4800     39.6487    1.0000   -1.0000   -1.0000    1.0000
 6113.5200     41.6118    1.0000   -1.0000   -1.0000    1.0000
 6113.5600     43.5750    1.0000   -1.0000   -1.0000    1.0000
 6113.6000     45.5381    1.0000   -1.0000   -1.0000    1.0000
 6113.6400     47.5013    1.0000   -1.0000   -1.0000    1.0000
 6113.6800     49.4644    1.0000   -1.0000   -1.0000    1.0000
 6113.7200     51.4275    1.0000   -1.0000   -1.0000    1.0000
 6113.7600     53.3907    1.0000   -1.0000   -1.0000    1.0000
 6113.8000     55.3538    1.0000   -1.0000   -1.0000    1.0000
 6113.8400     57.3169    1.0000   -1.0000   -1.0000    1.0000
 6113.8800     59.2801    1.0000   -1.0000   -1.0000    1.0000
 6113.9200     61.2432    1.0000   -1.0000   -1.0000    1.0000
 6113.9600     63.2063    1.0000   -1.0000   -1.0000    1.0000
 6114.0000     65.1695    1.0000   -1.0000   -1.0000    1.0000
 6114.0400     67.1326    1.0000   -1.0000   -1.0000    1.0000
 6114.0800     69.0957    1.0000   -1.0000   -1.0000    1.0000
 6114.1200     71.0589    1.0000   -1.0000   -1.0000    1.0000
 6114.1600     73.0220    1.0000   -1.0000   -1.0000    1.0000
 6114.2000     74.9851    1.0000   -1.0000   -1.0000    1.0000
 6114.2400     76.9483    1.0000   -1.0000   -1.0000    1.0000
 6114.2800     78.9114    1.0000   -1.0000   -1.0000    1.0000
 6114.3200     80.8745    1.0000   -1.0000   -1.0000    1.0000
 6114.3600     82.8377    1.0000   -1.0000   -1.0000    1.0000
 6114.4000     84.8008    1.0000   -1.0000   -1.0000    1.0000
 6114.4400     86.7640    1.0000   -1.0000   -1.0000    1.0000
 6114.4800     88.7271    1.0000   -1.0000   -1.0000    1.0000
 6114.5200     90.6902    1.0000   -1.0000   -1.0000    1.0000
 6114.5600     92.6534    1.0000   -1.0000   -1.0000    1.0000
 6114.6000     94.6165    1.0000   -1.0000   -1.0000    1.0000
 6114.6400     96.5796    1.0000   -1.0000   -1.0000    1.0000
 6114.6800     98.5428    1.0000   -1.0000   -1.0000    1.0000
 6114.7200    100.5059    1.0000   -1.0000   -1.0000    1.0000
 6114.7600    102.4690    1.0000   -1.0000   -1.0000    1.0000
 6114.8000    104.4322    1.0000   -1.0000   -1.0000    1.0000
 6114.8400    106.3953    1.0000   -1.0000   -1.0000    1.0000
 6114.8800    108.3584    1.0000   -1.0000   -1.0000    1.0000
 6114.9200    110.3216    1.0000   -1.0000   -1.0000    1.0000
 6114.9600    112.2847    1.0000   -1.0000   -1.0000    1.0000
 6115.0000    114.2478    1.0000   -1.0000   -1.0000    1.0000
 6115.0400    116.2110    1.0000   -1.0000   -1.0000    1.0000
 6115.0800    118.1741    1.0000   -1.0000   -1.0000    1.0000
 6115.1200    120.1372    1.0000   -1.0000   -1.0000    1.0000
 6115.1600    122.1004    1.0000   -1.0000   -1.0000    1.0000
 6115.2000    124.0635    1.0000   -1.0000   -1.0000    1.0000
 6115.2400    126.0266    1.0000   -1.0000   -1.0000    1.0000
 6115.2800    127.9898    1.0000   -1.0000   -1.0000    1.0000
 6115.3200    129.9529    1.0000   -1.0000   -1.0000    1.0000
 6115.3600    131.9161    1.0000   -1.0000   -1.0000    1.0000
 6115.4000    133.8792    1.0000   -1.0000   -1.0000    1.0000
 6115.4400    135.8423    1.0000   -1.0000   -1.0000    1.0000
 6115.4800    137.8055    1.0000   -1.0000   -1.0000    1.0000
 6115.5200    139.7686    1.0000   -1.0000   -1.0000    1.0000
 6115.5600    141.7317    1.0000   -1.0000   -1.0000    1.0000
 6115.6000    143.6949    1.0000   -1.0000   -1.0000    1.0000
 6115.6400    145.6580    1.0000   -1.0000   -1.0000    1.0000
 6115.6800    147.6211    1.0000   -1.0000   -1.0000    1.0000
 6115.7200    149.5843    1.0000   -1.0000   -1.0000    1.0000
 6115.7600    151.5474    1.0000   -1.0000   -1.0000    1.0000
 6115.8000    153.5105    1.0000   -1.0000   -1.0000    1.0000
 6115.8400    155.4737    1.0000   -1.0000   -1.0000    1.0000
 6115.8800    157.4368    1.0000   -1.0000   -1.0000    1.0000
 6115.9200    159.3999    1.0000   -1.0000   -1.0000    1.0000
 6115.9600    161.3631    1.0000   -1.0000   -1.0000    1.0000
 6116.0000    163.3262    1.0000   -1.0000   -1.0000    1.0000
 6116.0400    165.2893    1.0000   -1.0000   -1.0000    1.0000
 6116.0800    167.2525    1.0000   -1.0000   -1.0000    1.0000
 6116.1200    169.2156    1.0000   -1.0000   -1.0000    1.0000
 6116.1600    171.1788    1.0000   -1.0000   -1.0000    1.0000
 6116.2000    173.1419    1.0000   -1.0000   -1.0000    1.0000
 6116.2400    175.1050    1.0000   -1.0000   -1.0000    1.0000
 6116.2800    177.0682    1.0000   -1.0000   -1.0000    1.0000
 6116.3200    179.0313    1.0000   -1.0000   -1.0000    1.0000
 6116.3600    180.9944    1.0000   -1.0000   -1.0000    1.0000
 6116.4000    182.9576    1.0000   -1.0000   -1.0000    1.0000
 6116.4400    184.9207    1.0000   -1.0000   -1.0000    1.0000
 6116.4800    186.8838    1.0000   -1.0000   -1.0000    1.0000
 6116.5200    188.8470    1.0000   -1.0000   -1.0000    1.0000
 6116.5600    190.8101    1.0000   -1.0000   -1.0000    1.0000
 6116.6000    192.7732    1.0000   -1.0000   -1.0000    1.0000
 6116.6400    194.7364    1.0000   -1.0000   -1.0000    1.0000
 6116.6800    196.6995    1.0000   -1.0000   -1.0000    1.0000
 6116.7200    198.6626    1.0000   -1.0000   -1.0000    1.0000
 6116.7600    200.6258    1.0000   -1.0000   -1.0000    1.0000
 6116.8000    202.5889    1.0000   -1.0000   -1.0000    1.0000
 6116.8400    204.5520    1.0000   -1.0000   -1.0000    1.0000
 6116.8800    206.5152    1.0000   -1.0000   -1.0000    1.0000
 6116.9200    208.4783    1.0000    0.0474    0.0474    1.0000
 6116.9600    210.4414    1.0000    0.0474    0.0474    1.0000
 6117.0000    212.4046    1.0277    0.0453    0.0453    1.0000
 6117.0400    214.3677    1.0298    0.0452    0.0452    1.0000
 6117.0800    216.3309    0.9934    0.0450    0.0450    1.0000
 6117.1200    218.2940    0.9678    0.0450    0.0450    1.0000
 6117.1600    220.2571    0.9742    0.0452    0.0452    1.0000
 6117.2000    222.2203    0.9959    0.0455    0.0455    1.0000
 6117.2400    224.1834    1.0046    0.0458    0.0458    1.0000
 6117.2800    226.1465    1.0013    0.0469    0.0469    1.0000
 6117.3200    228.1097    1.0257    0.0460    0.0460    1.0000
 6117.3600    230.0728    0.9966    0.0456    0.0456    1.0000
 6117.4000    232.0359    0.9877    0.0455    0.0455    1.0000
 6117.4400    233.9991    0.9899    0.0454    0.0454    1.0000
 6117.4800    235.9622    0.9847    0.0453    0.0453    1.0000
 6117.5200    237.9253    0.9564    0.0451    0.0451    1.0000
 6117.5600    239.8885    0.9441    0.0450    0.0450    1.0000
 6117.6000    241.8516    0.9874    0.0456    0.0456    1.0000
 6117.6400    243.8147    0.9973    0.0456    0.0456    1.0000
 6117.6800    245.7779    0.9905    0.0454    0.0454    1.0000
 6117.7200    247.7410    0.9713    0.0452    0.0452    1.0000
 6117.7600    249.7041    1.0047    0.0454    0.0454    1.0000
 6117.8000    251.6673    1.0417    0.0457    0.0457    1.0000
 6117.8400    253.6304    1.0422    0.0456    0.0456    1.0000
 6117.8800    255.5936    1.0227    0.0454    0.0454    1.0000
 6117.9200    257.5567    1.0150    0.0452    0.0452    1.0000
 6117.9600    259.5198    1.0217    0.0453    0.0453    1.0000
 6118.0000    261.4830    1.0045    0.0452    0.0452    1.0000
 6118.0400    263.4461    0.9736    0.0451    0.0451    1.0000
 6118.0800    265.4092    0.9517    0.0448    0.0448    1.0000
 6118.1200    267.3724    1.0348    0.0455    0.0455    1.0000
 6118.1600    269.3355    1.0175    0.0452    0.0452    1.0000
 6118.2000    271.2986    0.9997    0.0451    0.0451    1.0000
 6118.2400    273.2618    1.0248    0.0454    0.0454    1.0000
 6118.2800    275.2249    1.0642    0.0456    0.0456    1.0000
 6118.3200    277.1880    1.0730    0.0455    0.0455    1.0000
 6118.3600    279.1512    1.0503    0.0454    0.0454    1.0000
 6118.4000    281.1143    1.0244    0.0450    0.0450    1.0000
 6118.4400    283.0774    0.9649    0.0442    0.0442    1.0000
 6118.4800    285.0406    0.9558    0.0442    0.0442    1.0000
 6118.5200    287.0037    0.9865    0.0445    0.0445    1.0000
 6118.5600    288.9668    0.9982    0.0445    0.0445    1.0000
 6118.6000    290.9300    1.0022    0.0444    0.0444    1.0000
 6118.6400    292.8931    0.9955    0.0444    0.0444    1.0000
 6118.6800    294.8562    0.9840    0.0443    0.0443    1.0000
 6118.7200    296.8194    1.0164    0.0445    0.0445    1.0000
 6118.7600    298.7825    0.9818    0.0441    0.0441    1.0000
 6118.8000    300.7457    0.9507    0.0437    0.0437    1.0000
 6118.8400    302.7088    1.0106    0.0444    0.0444    1.0000
 6118.8800    304.6719    1.0307    0.0445    0.0445    1.0000
 6118.9200    306.6351    0.9962    0.0439    0.0439    1.0000
 6118.9600    308.5982    0.9798    0.0436    0.0436    1.0000
 6119.0000    310.5613    0.9720    0.0435    0.0435    1.0000
 6119.0400    312.5245    0.9564    0.0433    0.0433    1.0000
 6119.0800    314.4876    0.9895    0.0438    0.0438    1.0000
 6119.1200    316.4507    1.0023    0.0438    0.0438    1.0000
 6119.1600    318.4139    0.9605    0.0433    0.0433    1.0000
 6119.2000    320.3770    1.0299    0.0441    0.0441    1.0000
 6119.2400    322.3401    1.0157    0.0437    0.0437    1.0000
 6119.2800    324.3033    1.0297    0.0437    0.0437    1.0000
 6119.3200    326.2664    1.0088    0.0435    0.0435    1.0000
 6119.3600    328.2295    0.9895    0.0434    0.0434    1.0000
 6119.4000    330.1927    0.9983    0.0435    0.0435    1.0000
 6119.4400    332.1558    0.9844    0.0432    0.0432    1.0000
 6119.4800    334.1189    1.0267    0.0435    0.0435    1.0000
 6119.5200    336.0821    1.0095    0.0431    0.0431    1.0000
 6119.5600    338.0452    1.0065    0.0432    0.0432    1.0000
 6119.6000    340.0084    1.0548    0.0437    0.0437    1.0000
 6119.6400    341.9715    0.9939    0.0430    0.0430    1.0000
 6119.6800    343.9346    0.9970    0.0430    0.0430    1.0000
 6119.7200    345.8978    1.0413    0.0434    0.0434    1.0000
 6119.7600    347.8609    1.0311    0.0433    0.0433    1.0000
 6119.8000    349.8240    0.9812    0.0428    0.0428    1.0000
 6119.8400    351.7872    1.0189    0.0430    0.0430    1.0000
 6119.8800    353.7503    1.0152    0.0429    0.0429    1.0000
 6119.9200    355.7134    1.0283    0.0430    0.0430    1.0000
 6119.9600    357.6766    1.0575    0.0432    0.0432    1.0000
 6120.0000    359.6397    1.0240    0.0430    0.0430    1.0000
 6120.0400    361.6028    0.9898    0.0427    0.0427    1.0000
 6120.0800    363.5660    0.9985    0.0427    0.0427    1.0000
 6120.1200    365.5291    0.9961    0.0426    0.0426    1.0000
 6120.1600    367.4922    0.9471    0.0419    0.0419    1.0000
 6120.2000    369.4554    0.9646    0.0420    0.0420    1.0000
 6120.2400    371.4185    0.9851    0.0423    0.0423    1.0000
 6120.2800    373.3816    0.9894    0.0425    0.0425    1.0000
 6120.3200    375.3448    0.9493    0.0421    0.0421    1.0000
 6120.3600    377.3079    0.9203    0.0416    0.0416    1.0000
 6120.4000    379.2711    0.9727    0.0421    0.0421    1.0000
 6120.4400    381.2342    0.9882    0.0422    0.0422    1.0000
 6120.4800    383.1973    0.9568    0.0418    0.0418    1.0000
 6120.5200    385.1605    0.9390    0.0417    0.0417    1.0000
 6120.5600    387.1236    0.9437    0.0418    0.0418    1.0000
 6120.6000    389.0867    1.0171    0.0424    0.0424    1.0000
 6120.6400    391.0499    0.9834    0.0420    0.0420    1.0000
 6120.6800    393.0130    1.0140    0.0424    0.0424    1.0000
 6120.7200    394.9761    1.0292    0.0417    0.0417    1.0000
 6120.7600    396.9393    1.0111    0.0388    0.0388    1.0000
 6120.8000    398.9024    1.0000    0.0427    0.0427    1.0000
 6120.8400    400.8655    0.9884    0.0449    0.0449    1.0000
 6120.8800    402.8287    0.9880    0.0419    0.0419    1.0000
 6120.9200    404.7918    1.0148    0.0421    0.0421    1.0000
 6120.9600    406.7549    0.9633    0.0415    0.0415    1.0000
 6121.0000    408.7181    0.9127    0.0410    0.0410    1.0000
 6121.0400    410.6812    1.0356    0.0422    0.0422    1.0000
 6121.0800    412.6443    0.9848    0.0416    0.0416    1.0000
 6121.1200    414.6075    0.9983    0.0417    0.0417    1.0000
 6121.1600    416.5706    1.0077    0.0417    0.0417    1.0000
 6121.2000    418.5337    1.0145    0.0417    0.0417    1.0000
 6121.2400    420.4969    1.0056    0.0416    0.0416    1.0000
 6121.2800    422.4600    0.9934    0.0415    0.0415    1.0000
 6121.3200    424.4232    1.0697    0.0423    0.0423    1.0000
 6121.3600    426.3863    1.0414    0.0419    0.0419    1.0000
 6121.4000    428.3494    1.0607    0.0422    0.0422    1.0000
 6121.4400    430.3126    0.9850    0.0413    0.0413    1.0000
 6121.4800    432.2757    0.9667    0.0411    0.0411    1.0000
 6121.5200    434.2388    1.0129    0.0416    0.0416    1.0000
 6121.5600    436.2020    0.9925    0.0413    0.0413    1.0000
 6121.6000    438.1651    0.9619    0.0409    0.0409    1.0000
 6121.6400    440.1282    0.9740    0.0410    0.0410    1.0000
 6121.6800    442.0914    0.9587    0.0408    0.0408    1.0000
 6121.7200    444.0545    1.0565    0.0418    0.0418    1.0000
 6121.7600    446.0176    1.0125    0.0414    0.0414    1.0000
 6121.8000    447.9808    0.9722    0.0409    0.0409    1.0000
 6121.8400    449.9439    0.9528    0.0407    0.0407    1.0000
 6121.8800    451.9070    1.0470    0.0417    0.0417    1.0000
 6121.9200    453.8702    1.0686    0.0419    0.0419    1.0000
 6121.9600    455.8333    1.0571    0.0417    0.0417    1.0000
 6122.0000    457.7964    1.0486    0.0416    0.0416    1.0000
 6122.0400    459.7596    1.0140    0.0412    0.0412    1.0000
 6122.0800    461.7227    1.0247    0.0413    0.0413    1.0000
 6122.1200    463.6859    1.0780    0.0419    0.0419    1.0000
 6122.1600    465.6490    0.9598    0.0407    0.0407    1.0000
 6122.2000    467.6121    1.0561    0.0416    0.0416    1.0000
 6122.2400    469.5753    1.0088    0.0410    0.0410    1.0000
 6122.2800    471.5384    0.9837    0.0408    0.0408    1.0000
 6122.3200    473.5015    1.0060    0.0411    0.0411    1.0000
 6122.3600    475.4647    1.0155    0.0411    0.0411    1.0000
 6122.4000    477.4278    0.9949    0.0412    0.0412    1.0000
 6122.4400    479.3909    1.0000    0.0418    0.0418    1.0000
 6122.4800    481.3541    0.9982    0.0409    0.0409    1.0000
 6122.5200    483.3172    0.9377    0.0402    0.0402    1.0000
 6122.5600    485.2803    1.0332    0.0411    0.0411    1.0000
 6122.6000    487.2435    1.0159    0.0410    0.0410    1.0000
 6122.6400    489.2066    0.9954    0.0408    0.0408    1.0000
 6122.6800    491.1697    0.9970    0.0408    0.0408    1.0000
 6122.7200    493.1329    1.0032    0.0409    0.0409    1.0000
 6122.7600    495.0960    1.0143    0.0410    0.0410    1.0000
 6122.8000    497.0591    1.0314    0.0411    0.0411    1.0000
 6122.8400    499.0223    1.0075    0.0408    0.0408    1.0000
 6122.8800    500.9854    1.0022    0.0408    0.0408    1.0000
 6122.9200    502.9485    1.0048    0.0406    0.0406    1.0000
 6122.9600    504.9117    1.0399    0.0410    0.0410    1.0000
 6123.0000    506.8748    1.0059    0.0408    0.0408    1.0000
 6123.0400    508.8380    0.9884    0.0406    0.0406    1.0000
 6123.0800    510.8011    0.9557    0.0401    0.0401    1.0000
 6123.1200    512.7642    0.9521    0.0400    0.0400    1.0000
 6123.1600    514.7274    0.9879    0.0404    0.0404    1.0000
 6123.2000    516.6905    0.9768    0.0403    0.0403    1.0000
 6123.2400    518.6536    0.9744    0.0401    0.0401    1.0000
 6123.2800    520.6168    0.9372    0.0398    0.0398    1.0000
 6123.3200    522.5799    0.9692    0.0404    0.0404    1.0000
 6123.3600    524.5430    1.0595    0.0411    0.0411    1.0000
 6123.4000    526.5062    1.0253    0.0407    0.0407    1.0000
 6123.4400    528.4693    1.0035    0.0405    0.0405    1.0000
 6123.4800    530.4324    1.0162    0.0407    0.0407    1.0000
 6123.5200    532.3956    0.9860    0.0403    0.0403    1.0000
 6123.5600    534.3587    0.9336    0.0396    0.0396    1.0000
 6123.6000    536.3218    1.0230    0.0406    0.0406    1.0000
 6123.6400    538.2850    0.9527    0.0399    0.0399    1.0000
 6123.6800    540.2481    0.9567    0.0399    0.0399    1.0000
 6123.7200    542.2112    0.9450    0.0399    0.0399    1.0000
 6123.7600    544.1744    1.0251    0.0407    0.0407    1.0000
 6123.8000    546.1375    1.0404    0.0408    0.0408    1.0000
 6123.8400    548.1007    0.9915    0.0403    0.0403    1.0000
 6123.8800    550.0638    0.9590    0.0401    0.0401    1.0000
 6123.9200    552.0269    0.9785    0.0403    0.0403    1.0000
 6123.9600    553.9901    1.0164    0.0407    0.0407    1.0000
 6124.0000    555.9532    1.0567    0.0409    0.0409    1.0000
 6124.0400    557.9163    0.9785    0.0399    0.0399    1.0000
 6124.0800    559.8795    0.9739    0.0399    0.0399    1.0000
 6124.1200    561.8426    0.9470    0.0397    0.0397    1.0000
 6124.1600    563.8057    1.0051    0.0402    0.0402    1.0000
 6124.2000    565.7689    0.9973    0.0400    0.0400    1.0000
 6124.2400    567.7320    1.0249    0.0404    0.0404    1.0000
 6124.2800    569.6951    1.0336    0.0405    0.0405    1.0000
 6124.3200    571.6583    0.9686    0.0398    0.0398    1.0000
 6124.3600    573.6214    0.9808    0.0398    0.0398    1.0000
 6124.4000    575.5845    1.0432    0.0406    0.0406    1.0000
 6124.4400    577.5477    0.9875    0.0400    0.0400    1.0000
 6124.4800    579.5108    1.0193    0.0404    0.0404    1.0000
 6124.5200    581.4739    0.9913    0.0401    0.0401    1.0000
 6124.5600    583.4371    0.9688    0.0398    0.0398    1.0000
 6124.6000    585.4002    0.9857    0.0399    0.0399    1.0000
 6124.6400    587.3634    1.0178    0.0403    0.0403    1.0000
 6124.6800    589.3265    1.0204    0.0404    0.0404    1.0000
 6124.7200    591.2896    1.0070    0.0402    0.0402    1.0000
 6124.7600    593.2528    1.0359    0.0405    0.0405    1.0000
 6124.8000    595.2159    0.9007    0.0392    0.0392    1.0000
 6124.8400    597.1790    1.0094    0.0403    0.0403    1.0000
 6124.8800    599.1422    1.0204    0.0403    0.0403    1.0000
