 6154.4400   -599.1310    0.9888    0.0361    0.0361    1.0000
 6154.4800   -597.1851    1.0588    0.0368    0.0368    1.0000
 6154.5200   -595.2392    1.0401    0.0366    0.0366    1.0000
 6154.5600   -593.2933    1.0373    0.0366    0.0366    1.0000
 6154.6000   -591.3474    1.0153    0.0364    0.0364    1.0000
 6154.6400   -589.4014    0.9944    0.0361    0.0361    1.0000
 6154.6800   -587.4555    0.9649    0.0358    0.0358    1.0000
 6154.7200   -585.5096    0.9734    0.0359    0.0359    1.0000
 6154.7600   -583.5637    1.0141    0.0363    0.0363    1.0000
 6154.8000   -581.6178    1.0341    0.0364    0.0364    1.0000
 6154.8400   -579.6719    1.0375    0.0364    0.0364    1.0000
 6154.8800   -577.7259    1.0211    0.0363    0.0363    1.0000
 6154.9200   -575.7800    0.9675    0.0359    0.0359    1.0000
 6154.9600   -573.8341    0.9848    0.0361    0.0361    1.0000
 6155.0000   -571.8882    1.0233    0.0364    0.0364    1.0000
 6155.0400   -569.9423    0.9817    0.0360    0.0360    1.0000
 6155.0800   -567.9963    0.9562    0.0357    0.0357    1.0000
 6155.1200   -566.0504    0.9163    0.0353    0.0353    1.0000
 6155.1600   -564.1045    0.9769    0.0358    0.0358    1.0000
 6155.2000   -562.1586    1.0253    0.0364    0.0364    1.0000
 6155.2400   -560.2127    0.9519    0.0357    0.0357    1.0000
 6155.2800   -558.2668    0.9309    0.0355    0.0355    1.0000
 6155.3200   -556.3208    0.9890    0.0359    0.0359    1.0000
 6155.3600   -554.3749    0.9964    0.0360    0.0360    1.0000
 6155.4000   -552.4290    0.9677    0.0357    0.0357    1.0000
 6155.4400   -550.4831    0.9651    0.0357    0.0357    1.0000
 6155.4800   -548.5372    0.9571    0.0358    0.0358    1.0000
 6155.5200   -546.5912    0.9491    0.0357    0.0357    1.0000
 6155.5600   -544.6453    1.0161    0.0363    0.0363    1.0000
 6155.6000   -542.6994    1.0487    0.0366    0.0366    1.0000
 6155.6400   -540.7535    0.9999    0.0362    0.0362    1.0000
 6155.6800   -538.8076    1.0374    0.0367    0.0367    1.0000
 6155.7200   -536.8617    0.9729    0.0360    0.0360    1.0000
 6155.7600   -534.9157    0.9877    0.0363    0.0363    1.0000
 6155.8000   -532.9698    0.9774    0.0361    0.0361    1.0000
 6155.8400   -531.0239    0.9635    0.0359    0.0359    1.0000
 6155.8800   -529.0780    0.9983    0.0363    0.0363    1.0000
 6155.9200   -527.1321    0.9986    0.0363    0.0363    1.0000
 6155.9600   -525.1862    1.0103    0.0363    0.0363    1.0000
 6156.0000   -523.2402    1.0056    0.0362    0.0362    1.0000
 6156.0400   -521.2943    0.9961    0.0361    0.0361    1.0000
 6156.0800   -519.3484    1.0061    0.0362    0.0362    1.0000
 6156.1200   -517.4025    1.0232    0.0363    0.0363    1.0000
 6156.1600   -515.4566    1.0187    0.0364    0.0364    1.0000
 6156.2000   -513.5106    0.9831    0.0361    0.0361    1.0000
 6156.2400   -511.5647    1.0239    0.0365    0.0365    1.0000
 6156.2800   -509.6188    1.0157    0.0363    0.0363    1.0000
 6156.3200   -507.6729    1.0390    0.0367    0.0367    1.0000
 6156.3600   -505.7270    1.0161    0.0363    0.0363    1.0000
 6156.4000   -503.7811    1.0606    0.0367    0.0367    1.0000
 6156.4400   -501.8351    1.0454    0.0366    0.0366    1.0000
 6156.4800   -499.8892    0.9727    0.0359    0.0359    1.0000
 6156.5200   -497.9433    0.9825    0.0358    0.0358    1.0000
 6156.5600   -495.9974    1.0305    0.0364    0.0364    1.0000
 6156.6000   -494.0515    1.0209    0.0365    0.0365    1.0000
 6156.6400   -492.1055    1.0053    0.0364    0.0364    1.0000
 6156.6800   -490.1596    1.0349    0.0366    0.0366    1.0000
 6156.7200   -488.2137    1.0338    0.0366    0.0366    1.0000
 6156.7600   -486.2678    1.0050    0.0362    0.0362    1.0000
 6156.8000   -484.3219    1.0446    0.0366    0.0366    1.0000
 6156.8400   -482.3760    1.0650    0.0368    0.0368    1.0000
 6156.8800   -480.4300    1.0301    0.0365    0.0365    1.0000
 6156.9200   -478.4841    0.9535    0.0356    0.0356    1.0000
 6156.9600   -476.5382    1.0501    0.0367    0.0367    1.0000
 6157.0000   -474.5923    0.9228    0.0353    0.0353    1.0000
 6157.0400   -472.6464    0.9813    0.0360    0.0360    1.0000
 6157.0800   -470.7005    0.9583    0.0357    0.0357    1.0000
 6157.1200   -468.7545    0.9714    0.0359    0.0359    1.0000
 6157.1600   -466.8086    1.0282    0.0364    0.0364    1.0000
 6157.2000   -464.8627    0.9609    0.0358    0.0358    1.0000
 6157.2400   -462.9168    0.9358    0.0355    0.0355    1.0000
 6157.2800   -460.9709    0.9831    0.0360    0.0360    1.0000
 6157.3200   -459.0249    1.0097    0.0364    0.0364    1.0000
 6157.3600   -457.0790    0.9993    0.0362    0.0362    1.0000
 6157.4000   -455.1331    0.9926    0.0361    0.0361    1.0000
 6157.4400   -453.1872    1.0021    0.0362    0.0362    1.0000
 6157.4800   -451.2413    1.0270    0.0365    0.0365    1.0000
 6157.5200   -449.2954    1.0229    0.0365    0.0365    1.0000
 6157.5600   -447.3494    0.8989    0.0353    0.0353    1.0000
 6157.6000   -445.4035    0.8796    0.0351    0.0351    1.0000
 6157.6400   -443.4576    1.0236    0.0365    0.0365    1.0000
 6157.6800   -441.5117    1.0152    0.0363    0.0363    1.0000
 6157.7200   -439.5658    0.9986    0.0361    0.0361    1.0000
 6157.7600   -437.6198    0.9588    0.0357    0.0357    1.0000
 6157.8000   -435.6739    1.0000    0.0361    0.0361    1.0000
 6157.8400   -433.7280    0.9792    0.0359    0.0359    1.0000
 6157.8800   -431.7821    1.0168    0.0363    0.0363    1.0000
 6157.9200   -429.8362    1.0390    0.0365    0.0365    1.0000
 6157.9600   -427.8903    1.0205    0.0364    0.0364    1.0000
 6158.0000   -425.9443    1.0063    0.0363    0.0363    1.0000
 6158.0400   -423.9984    1.0198    0.0365    0.0365    1.0000
 6158.0800   -422.0525    1.0590    0.0368    0.0368    1.0000
 6158.1200   -420.1066    1.0592    0.0368    0.0368    1.0000
 6158.1600   -418.1607    0.9589    0.0357    0.0357    1.0000
 6158.2000   -416.2148    0.9423    0.0356    0.0356    1.0000
 6158.2400   -414.2688    1.0310    0.0365    0.0365    1.0000
 6158.2800   -412.3229    1.0094    0.0362    0.0362    1.0000
 6158.3200   -410.3770    1.0015    0.0363    0.0363    1.0000
 6158.3600   -408.4311    0.9725    0.0361    0.0361    1.0000
 6158.4000   -406.4852    1.0203    0.0365    0.0365    1.0000
 6158.4400   -404.5392    1.0179    0.0363    0.0363    1.0000
 6158.4800   -402.5933    0.9566    0.0357    0.0357    1.0000
 6158.5200   -400.6474    1.0024    0.0362    0.0362    1.0000
 6158.5600   -398.7015    1.0176    0.0363    0.0363    1.0000
 6158.6000   -396.7556    0.9480    0.0356    0.0356    1.0000
 6158.6400   -394.8097    0.9709    0.0359    0.0359    1.0000
 6158.6800   -392.8637    1.0248    0.0364    0.0364    1.0000
 6158.7200   -390.9178    0.9878    0.0361    0.0361    1.0000
 6158.7600   -388.9719    0.9609    0.0359    0.0359    1.0000
 6158.8000   -387.0260    0.9750    0.0361    0.0361    1.0000
 6158.8400   -385.0801    1.0104    0.0364    0.0364    1.0000
 6158.8800   -383.1341    1.0038    0.0364    0.0364    1.0000
 6158.9200   -381.1882    0.9616    0.0360    0.0360    1.0000
 6158.9600   -379.2423    0.9505    0.0357    0.0357    1.0000
 6159.0000   -377.2964    0.9926    0.0361    0.0361    1.0000
 6159.0400   -375.3505    1.0431    0.0366    0.0366    1.0000
 6159.0800   -373.4046    1.0063    0.0363    0.0363    1.0000
 6159.1200   -371.4586    0.9803    0.0360    0.0360    1.0000
 6159.1600   -369.5127    1.0383    0.0366    0.0366    1.0000
 6159.2000   -367.5668    1.0015    0.0364    0.0364    1.0000
 6159.2400   -365.6209    1.0066    0.0364    0.0364    1.0000
 6159.2800   -363.6750    1.0236    0.0365    0.0365    1.0000
 6159.3200   -361.7291    1.0464    0.0368    0.0368    1.0000
 6159.3600   -359.7831    1.0464    0.0369    0.0369    1.0000
 6159.4000   -357.8372    1.0175    0.0366    0.0366    1.0000
 6159.4400   -355.8913    1.0038    0.0363    0.0363    1.0000
 6159.4800   -353.9454    0.9585    0.0359    0.0359    1.0000
 6159.5200   -351.9995    0.9344    0.0356    0.0356    1.0000
 6159.5600   -350.0535    0.9422    0.0356    0.0356    1.0000
 6159.6000   -348.1076    0.9991    0.0362    0.0362    1.0000
 6159.6400   -346.1617    0.9838    0.0360    0.0360    1.0000
 6159.6800   -344.2158    0.9856    0.0361    0.0361    1.0000
 6159.7200   -342.2699    1.0082    0.0363    0.0363    1.0000
 6159.7600   -340.3240    1.0009    0.0363    0.0363    1.0000
 6159.8000   -338.3780    1.0203    0.0365    0.0365    1.0000
 6159.8400   -336.4321    1.0373    0.0367    0.0367    1.0000
 6159.8800   -334.4862    1.0238    0.0366    0.0366    1.0000
 6159.9200   -332.5403    0.9934    0.0363    0.0363    1.0000
 6159.9600   -330.5944    0.9647    0.0360    0.0360    1.0000
 6160.0000   -328.6484    0.9682    0.0361    0.0361    1.0000
 6160.0400   -326.7025    0.9818    0.0363    0.0363    1.0000
 6160.0800   -324.7566    0.9807    0.0362    0.0362    1.0000
 6160.1200   -322.8107    0.9759    0.0362    0.0362    1.0000
 6160.1600   -320.8648    0.9767    0.0363    0.0363    1.0000
 6160.2000   -318.9189    0.9930    0.0364    0.0364    1.0000
 6160.2400   -316.9729    0.9829    0.0362    0.0362    1.0000
 6160.2800   -315.0270    1.0244    0.0366    0.0366    1.0000
 6160.3200   -313.0811    0.9886    0.0361    0.0361    1.0000
 6160.3600   -311.1352    1.0312    0.0367    0.0367    1.0000
 6160.4000   -309.1893    0.9922    0.0365    0.0365    1.0000
 6160.4400   -307.2434    0.9864    0.0364    0.0364    1.0000
 6160.4800   -305.2974    0.9939    0.0364    0.0364    1.0000
 6160.5200   -303.3515    0.9825    0.0362    0.0362    1.0000
 6160.5600   -301.4056    0.9710    0.0360    0.0360    1.0000
 6160.6000   -299.4597    0.9863    0.0362    0.0362    1.0000
 6160.6400   -297.5138    1.0129    0.0365    0.0365    1.0000
 6160.6800   -295.5678    1.0313    0.0367    0.0367    1.0000
 6160.7200   -293.6219    0.9764    0.0361    0.0361    1.0000
 6160.7600   -291.6760    0.9476    0.0358    0.0358    1.0000
 6160.8000   -289.7301    0.9773    0.0362    0.0362    1.0000
 6160.8400   -287.7842    0.9761    0.0362    0.0362    1.0000
 6160.8800   -285.8383    1.0009    0.0365    0.0365    1.0000
 6160.9200   -283.8923    0.9573    0.0360    0.0360    1.0000
 6160.9600   -281.9464    0.9744    0.0361    0.0361    1.0000
 6161.0000   -280.0005    1.0465    0.0369    0.0369    1.0000
 6161.0400   -278.0546    1.0270    0.0365    0.0365    1.0000
 6161.0800   -276.1087    0.9844    0.0364    0.0364    1.0000
 6161.1200   -274.1627    1.0040    0.0367    0.0367    1.0000
 6161.1600   -272.2168    1.0004    0.0353    0.0353    1.0000
 6161.2000   -270.2709    1.0013    0.0363    0.0363    1.0000
 6161.2400   -268.3250    0.9862    0.0363    0.0363    1.0000
 6161.2800   -266.3791    1.0363    0.0369    0.0369    1.0000
 6161.3200   -264.4332    1.0238    0.0367    0.0367    1.0000
 6161.3600   -262.4872    0.9977    0.0364    0.0364    1.0000
 6161.4000   -260.5413    1.0050    0.0365    0.0365    1.0000
 6161.4400   -258.5954    0.9837    0.0364    0.0364    1.0000
 6161.4800   -256.6495    0.9878    0.0365    0.0365    1.0000
 6161.5200   -254.7036    1.0160    0.0366    0.0366    1.0000
 6161.5600   -252.7577    0.9817    0.0362    0.0362    1.0000
 6161.6000   -250.8117    0.9876    0.0363    0.0363    1.0000
 6161.6400   -248.8658    1.0290    0.0368    0.0368    1.0000
 6161.6800   -246.9199    1.0341    0.0369    0.0369    1.0000
 6161.7200   -244.9740    0.9591    0.0360    0.0360    1.0000
 6161.7600   -243.0281    0.9774    0.0363    0.0363    1.0000
 6161.8000   -241.0821    1.0699    0.0373    0.0373    1.0000
 6161.8400   -239.1362    0.9600    0.0361    0.0361    1.0000
 6161.8800   -237.1903    0.9699    0.0361    0.0361    1.0000
 6161.9200   -235.2444    1.0135    0.0365    0.0365    1.0000
 6161.9600   -233.2985    1.0780    0.0372    0.0372    1.0000
 6162.0000   -231.3526    1.0234    0.0377    0.0377    1.0000
 6162.0400   -229.4066    1.0206    0.0370    0.0370    1.0000
 6162.0800   -227.4607    0.9863    0.0363    0.0363    1.0000
 6162.1200   -225.5148    0.9819    0.0364    0.0364    1.0000
 6162.1600   -223.5689    0.9910    0.0365    0.0365    1.0000
 6162.2000   -221.6230    1.0155    0.0367    0.0367    1.0000
 6162.2400   -219.6770    1.0566    0.0371    0.0371    1.0000
 6162.2800   -217.7311    1.0043    0.0366    0.0366    1.0000
 6162.3200   -215.7852    0.9157    0.0358    0.0358    1.0000
 6162.3600   -213.8393    1.0073    0.0367    0.0367    1.0000
 6162.4000   -211.8934    1.1023    0.0375    0.0375    1.0000
 6162.4400   -209.9475    1.0603    0.0370    0.0370    1.0000
 6162.4800   -208.0015    1.0135    0.0366    0.0366    1.0000
 6162.5200   -206.0556    0.9991    0.0365    0.0365    1.0000
 6162.5600   -204.1097    1.0358    0.0369    0.0369    1.0000
 6162.6000   -202.1638    0.9914    0.0365    0.0365    1.0000
 6162.6400   -200.2179    0.9965    0.0365    0.0365    1.0000
 6162.6800   -198.2720    1.0296    0.0368    0.0368    1.0000
 6162.7200   -196.3260    1.0668    0.0373    0.0373    1.0000
 6162.7600   -194.3801    0.9815    0.0365    0.0365    1.0000
 6162.8000   -192.4342    0.9921    0.0365    0.0365    1.0000
 6162.8400   -190.4883    1.0063    0.0366    0.0366    1.0000
 6162.8800   -188.5424    1.0026    0.0366    0.0366    1.0000
 6162.9200   -186.5964    1.0014    0.0365    0.0365    1.0000
 6162.9600   -184.6505    0.9826    0.0364    0.0364    1.0000
 6163.0000   -182.7046    0.9533    0.0362    0.0362    1.0000
 6163.0400   -180.7587    0.9557    0.0363    0.0363    1.0000
 6163.0800   -178.8128    0.9976    0.0366    0.0366    1.0000
 6163.1200   -176.8669    1.0361    0.0369    0.0369    1.0000
 6163.1600   -174.9209    1.0706    0.0373    0.0373    1.0000
 6163.2000   -172.9750    1.0129    0.0368    0.0368    1.0000
 6163.2400   -171.0291    1.0109    0.0368    0.0368    1.0000
 6163.2800   -169.0832    0.9378    0.0360    0.0360    1.0000
 6163.3200   -167.1373    0.9460    0.0362    0.0362    1.0000
 6163.3600   -165.1913    0.9874    0.0367    0.0367    1.0000
 6163.4000   -163.2454    0.9701    0.0364    0.0364    1.0000
 6163.4400   -161.2995    1.0183    0.0369    0.0369    1.0000
 6163.4800   -159.3536    1.0011    0.0367    0.0367    1.0000
 6163.5200   -157.4077    0.9748    0.0364    0.0364    1.0000
 6163.5600   -155.4618    0.9927    0.0366    0.0366    1.0000
 6163.6000   -153.5158    1.0360    0.0372    0.0372    1.0000
 6163.6400   -151.5699    1.0038    0.0368    0.0368    1.0000
 6163.6800   -149.6240    0.9748    0.0364    0.0364    1.0000
 6163.7200   -147.6781    0.9912    0.0366    0.0366    1.0000
 6163.7600   -145.7322    0.9952    0.0367    0.0367    1.0000
 6163.8000   -143.7863    1.0046    0.0368    0.0368    1.0000
 6163.8400   -141.8403    1.0418    0.0372    0.0372    1.0000
 6163.8800   -139.8944    1.0443    0.0371    0.0371    1.0000
 6163.9200   -137.9485    0.9911    0.0365    0.0365    1.0000
 6163.9600   -136.0026    0.9905    0.0367    0.0367    1.0000
 6164.0000   -134.0567    0.9707    0.0364    0.0364    1.0000
 6164.0400   -132.1107    1.0084    0.0368    0.0368    1.0000
 6164.0800   -130.1648    1.0325    0.0370    0.0370    1.0000
 6164.1200   -128.2189    1.0295    0.0370    0.0370    1.0000
 6164.1600   -126.2730    1.0264    0.0369    0.0369    1.0000
 6164.2000   -124.3271    1.0489    0.0371    0.0371    1.0000
 6164.2400   -122.3812    0.9858    0.0364    0.0364    1.0000
 6164.2800   -120.4352    0.9995    0.0367    0.0367    1.0000
 6164.3200   -118.4893    1.0188    0.0370    0.0370    1.0000
 6164.3600   -116.5434    0.9654    0.0366    0.0366    1.0000
 6164.4000   -114.5975    0.9434    0.0364    0.0364    1.0000
 6164.4400   -112.6516    0.9466    0.0363    0.0363    1.0000
 6164.4800   -110.7056    0.9609    0.0363    0.0363    1.0000
 6164.5200   -108.7597    0.9669    0.0363    0.0363    1.0000
 6164.5600   -106.8138    0.9776    0.0364    0.0364    1.0000
 6164.6000   -104.8679    1.0096    0.0369    0.0369    1.0000
 6164.6400   -102.9220    0.9967    0.0369    0.0369    1.0000
 6164.6800   -100.9761    1.0033    0.0369    0.0369    1.0000
 6164.7200    -99.0301    1.0272    0.0371    0.0371    1.0000
 6164.7600    -97.0842    1.0008    0.0369    0.0369    1.0000
 6164.8000    -95.1383    0.9659    0.0366    0.0366    1.0000
 6164.8400    -93.1924    0.9849    0.0367    0.0367    1.0000
 6164.8800    -91.2465    1.0198    0.0370    0.0370    1.0000
 6164.9200    -89.3006    0.9797    0.0366    0.0366    1.0000
 6164.9600    -87.3546    1.0141    0.0371    0.0371    1.0000
 6165.0000    -85.4087    1.0103    0.0371    0.0371    1.0000
 6165.0400    -83.4628    1.0472    0.0373    0.0373    1.0000
 6165.0800    -81.5169    1.0081    0.0368    0.0368    1.0000
 6165.1200    -79.5710    0.9630    0.0364    0.0364    1.0000
 6165.1600    -77.6250    1.0113    0.0370    0.0370    1.0000
 6165.2000    -75.6791    1.0255    0.0372    0.0372    1.0000
 6165.2400    -73.7332    1.0131    0.0371    0.0371    1.0000
 6165.2800    -71.7873    1.0030    0.0370    0.0370    1.0000
 6165.3200    -69.8414    0.9780    0.0367    0.0367    1.0000
 6165.3600    -67.8955    1.0051    0.0370    0.0370    1.0000
 6165.4000    -65.9495    1.0487    0.0369    0.0369    1.0000
 6165.4400    -64.0036    1.0003    0.0359    0.0359    1.0000
 6165.4800    -62.0577    1.0052    0.0368    0.0368    1.0000
 6165.5200    -60.1118    1.0163    0.0370    0.0370    1.0000
 6165.5600    -58.1659    1.0077    0.0371    0.0371    1.0000
 6165.6000    -56.2199    1.0120    0.0371    0.0371    1.0000
 6165.6400    -54.2740    1.0947    0.0379    0.0379    1.0000
 6165.6800    -52.3281    1.0160    0.0370    0.0370    1.0000
 6165.7200    -50.3822    0.9510    0.0363    0.0363    1.0000
 6165.7600    -48.4363    1.0051    0.0371    0.0371    1.0000
 6165.8000    -46.4904    1.0065    0.0371    0.0371    1.0000
 6165.8400    -44.5444    0.9829    0.0368    0.0368    1.0000
 6165.8800    -42.5985    0.9704    0.0366    0.0366    1.0000
 6165.9200    -40.6526    1.0056    0.0370    0.0370    1.0000
 6165.9600    -38.7067    1.0161    0.0372    0.0372    1.0000
 6166.0000    -36.7608    1.0054    0.0366    0.0366    1.0000
 6166.0400    -34.8148    1.0000    0.0408    0.0408    1.0000
 6166.0800    -32.8689    0.9888    0.0402    0.0402    1.0000
 6166.1200    -30.9230    0.9910    0.0369    0.0369    1.0000
 6166.1600    -28.9771    0.9561    0.0365    0.0365    1.0000
 6166.2000    -27.0312    0.9358    0.0365    0.0365    1.0000
 6166.2400    -25.0853    0.9906    0.0373    0.0373    1.0000
 6166.2800    -23.1393    0.9652    0.0371    0.0371    1.0000
 6166.3200    -21.1934    0.9717    0.0369    0.0369    1.0000
 6166.3600    -19.2475    1.0303    0.0374    0.0374    1.0000
 6166.4000    -17.3016    0.9646    0.0368    0.0368    1.0000
 6166.4400    -15.3557    0.9582    0.0365    0.0365    1.0000
 6166.4800    -13.4098    0.9740    0.0367    0.0367    1.0000
 6166.5200    -11.4638    1.0244    0.0372    0.0372    1.0000
 6166.5600     -9.5179    0.9958    0.0371    0.0371    1.0000
 6166.6000     -7.5720    0.9973    0.0372    0.0372    1.0000
 6166.6400     -5.6261    1.0269    0.0376    0.0376    1.0000
 6166.6800     -3.6802    0.9189    0.0364    0.0364    1.0000
 6166.7200     -1.7342    0.9965    0.0372    0.0372    1.0000
 6166.7600      0.2117    0.9710    0.0369    0.0369    1.0000
 6166.8000      2.1576    1.0157    0.0373    0.0373    1.0000
 6166.8400      4.1035    0.9900    0.0369    0.0369    1.0000
 6166.8800      6.0494    0.9847    0.0369    0.0369    1.0000
 6166.9200      7.9953    1.0019    0.0371    0.0371    1.0000
 6166.9600      9.9413    1.0097    0.0372    0.0372    1.0000
 6167.0000     11.8872    1.0200    0.0373    0.0373    1.0000
 6167.0400     13.8331    1.0141    0.0372    0.0372    1.0000
 6167.0800     15.7790    0.9968    0.0372    0.0372    1.0000
 6167.1200     17.7249    0.9913    0.0373    0.0373    1.0000
 6167.1600     19.6709    0.9944    0.0375    0.0375    1.0000
 6167.2000     21.6168    1.0307    0.0378    0.0378    1.0000
 6167.2400     23.5627    1.0466    0.0377    0.0377    1.0000
 6167.2800     25.5086    0.9927    0.0370    0.0370    1.0000
 6167.3200     27.4545    0.9443    0.0365    0.0365    1.0000
 6167.3600     29.4004    1.0290    0.0375    0.0375    1.0000
 6167.4000     31.3464    0.9927    0.0371    0.0371    1.0000
 6167.4400     33.2923    1.0703    0.0379    0.0379    1.0000
 6167.4800     35.2382    1.0015    0.0372    0.0372    1.0000
 6167.5200     37.1841    1.0618    0.0379    0.0379    1.0000
 6167.5600     39.1300    0.9952    0.0372    0.0372    1.0000
 6167.6000     41.0759    0.9785    0.0370    0.0370    1.0000
 6167.6400     43.0219    1.0201    0.0375    0.0375    1.0000
 6167.6800     44.9678    1.0014    0.0373    0.0373    1.0000
 6167.7200     46.9137    0.9701    0.0370    0.0370    1.0000
 6167.7600     48.8596    0.9626    0.0370    0.0370    1.0000
 6167.8000     50.8055    0.9943    0.0373    0.0373    1.0000
 6167.8400     52.7515    1.0153    0.0375    0.0375    1.0000
 6167.8800     54.6974    1.0175    0.0376    0.0376    1.0000
 6167.9200     56.6433    1.0119    0.0375    0.0375    1.0000
 6167.9600     58.5892    0.9950    0.0372    0.0372    1.0000
 6168.0000     60.5351    1.0032    0.0374    0.0374    1.0000
 6168.0400     62.4810    1.0015    0.0374    0.0374    1.0000
 6168.0800     64.4270    0.9731    0.0371    0.0371    1.0000
 6168.1200     66.3729    0.9876    0.0372    0.0372    1.0000
 6168.1600     68.3188    1.0155    0.0375    0.0375    1.0000
 6168.2000     70.2647    0.9632    0.0369    0.0369    1.0000
 6168.2400     72.2106    0.9564    0.0368    0.0368    1.0000
 6168.2800     74.1566    1.0269    0.0376    0.0376    1.0000
 6168.3200     76.1025    1.0460    0.0378    0.0378    1.0000
 6168.3600     78.0484    1.0122    0.0376    0.0376    1.0000
 6168.4000     79.9943    0.9449    0.0369    0.0369    1.0000
 6168.4400     81.9402    1.0354    0.0377    0.0377    1.0000
 6168.4800     83.8861    1.0439    0.0377    0.0377    1.0000
 6168.5200     85.8321    1.0275    0.0376    0.0376    1.0000
 6168.5600     87.7780    0.9469    0.0367    0.0367    1.0000
 6168.6000     89.7239    1.0211    0.0376    0.0376    1.0000
 6168.6400     91.6698    1.0275    0.0377    0.0377    1.0000
 6168.6800     93.6157    0.9897    0.0373    0.0373    1.0000
 6168.7200     95.5616    0.9927    0.0374    0.0374    1.0000
 6168.7600     97.5076    0.9607    0.0370    0.0370    1.0000
 6168.8000     99.4535    0.9610    0.0370    0.0370    1.0000
 6168.8400    101.3994    1.0026    0.0375    0.0375    1.0000
 6168.8800    103.3453    0.9869    0.0373    0.0373    1.0000
 6168.9200    105.2912    1.0029    0.0375    0.0375    1.0000
 6168.9600    107.2372    1.0105    0.0377    0.0377    1.0000
 6169.0000    109.1831    0.9797    0.0373    0.0373    1.0000
 6169.0400    111.1290    1.0053    0.0375    0.0375    1.0000
 6169.0800    113.0749    1.0383    0.0380    0.0380    1.0000
 6169.1200    115.0208    0.9709    0.0372    0.0372    1.0000
 6169.1600    116.9667    1.0124    0.0377    0.0377    1.0000
 6169.2000    118.9127    0.9898    0.0374    0.0374    1.0000
 6169.2400    120.8586    1.0584    0.0381    0.0381    1.0000
 6169.2800    122.8045    1.0324    0.0378    0.0378    1.0000
 6169.3200    124.7504    1.0607    0.0380    0.0380    1.0000
 6169.3600    126.6963    0.9822    0.0372    0.0372    1.0000
 6169.4000    128.6423    1.0310    0.0378    0.0378    1.0000
 6169.4400    130.5882    1.0604    0.0382    0.0382    1.0000
 6169.4800    132.5341    0.9991    0.0375    0.0375    1.0000
 6169.5200    134.4800    1.0085    0.0377    0.0377    1.0000
 6169.5600    136.4259    0.9718    0.0373    0.0373    1.0000
 6169.6000    138.3718    0.9874    0.0374    0.0374    1.0000
 6169.6400    140.3178    1.0452    0.0379    0.0379    1.0000
 6169.6800    142.2637    1.0348    0.0379    0.0379    1.0000
 6169.7200    144.2096    1.0158    0.0377    0.0377    1.0000
 6169.7600    146.1555    1.0056    0.0377    0.0377    1.0000
 6169.8000    148.1014    0.9730    0.0374    0.0374    1.0000
 6169.8400    150.0473    1.0134    0.0377    0.0377    1.0000
 6169.8800    151.9933    1.0533    0.0381    0.0381    1.0000
 6169.9200    153.9392    0.9736    0.0372    0.0372    1.0000
 6169.9600    155.8851    1.0158    0.0377    0.0377    1.0000
 6170.0000    157.8310    0.9898    0.0376    0.0376    1.0000
 6170.0400    159.7769    1.0129    0.0379    0.0379    1.0000
 6170.0800    161.7229    0.9953    0.0376    0.0376    1.0000
 6170.1200    163.6688    0.9655    0.0372    0.0372    1.0000
 6170.1600    165.6147    0.9484    0.0371    0.0371    1.0000
 6170.2000    167.5606    0.9499    0.0373    0.0373    1.0000
 6170.2400    169.5065    1.0342    0.0382    0.0382    1.0000
 6170.2800    171.4524    0.9560    0.0373    0.0373    1.0000
 6170.3200    173.3984    1.0204    0.0379    0.0379    1.0000
 6170.3600    175.3443    0.9470    0.0370    0.0370    1.0000
 6170.4000    177.2902    0.9868    0.0375    0.0375    1.0000
 6170.4400    179.2361    0.9998    0.0377    0.0377    1.0000
 6170.4800    181.1820    1.0295    0.0380    0.0380    1.0000
 6170.5200    183.1280    1.0152    0.0378    0.0378    1.0000
 6170.5600    185.0739    0.9987    0.0376    0.0376    1.0000
 6170.6000    187.0198    0.9680    0.0373    0.0373    1.0000
 6170.6400    188.9657    0.9761    0.0375    0.0375    1.0000
 6170.6800    190.9116    1.0127    0.0380    0.0380    1.0000
 6170.7200    192.8575    1.0169    0.0381    0.0381    1.0000
 6170.7600    194.8035    1.0125    0.0380    0.0380    1.0000
 6170.8000    196.7494    1.0047    0.0379    0.0379    1.0000
 6170.8400    198.6953    0.9681    0.0375    0.0375    1.0000
 6170.8800    200.6412    0.9545    0.0374    0.0374    1.0000
 6170.9200    202.5871    0.9889    0.0377    0.0377    1.0000
 6170.9600    204.5330    1.0044    0.0379    0.0379    1.0000
 6171.0000    206.4790    1.0196    0.0382    0.0382    1.0000
 6171.0400    208.4249    0.9965    0.0389    0.0389    1.0000
 6171.0800    210.3708    0.9715    0.0376    0.0376    1.0000
 6171.1200    212.3167    0.9745    0.0376    0.0376    1.0000
 6171.1600    214.2626    0.9586    0.0376    0.0376    1.0000
 6171.2000    216.2086    1.0347    0.0384    0.0384    1.0000
 6171.2400    218.1545    1.0204    0.0381    0.0381    1.0000
 6171.2800    220.1004    0.9613    0.0376    0.0376    1.0000
 6171.3200    222.0463    0.9728    0.0379    0.0379    1.0000
 6171.3600    223.9922    0.9752    0.0377    0.0377    1.0000
 6171.4000    225.9381    0.9762    0.0376    0.0376    1.0000
 6171.4400    227.8841    1.0040    0.0379    0.0379    1.0000
 6171.4800    229.8300    1.0151    0.0381    0.0381    1.0000
 6171.5200    231.7759    1.0433    0.0384    0.0384    1.0000
 6171.5600    233.7218    1.0457    0.0385    0.0385    1.0000
 6171.6000    235.6677    1.0195    0.0383    0.0383    1.0000
 6171.6400    237.6137    0.9813    0.0379    0.0379    1.0000
 6171.6800    239.5596    0.9772    0.0378    0.0378    1.0000
 6171.7200    241.5055    0.9862    0.0379    0.0379    1.0000
 6171.7600    243.4514    1.0005    0.0381    0.0381    1.0000
 6171.8000    245.3973    1.0339    0.0385    0.0385    1.0000
 6171.8400    247.3432    1.0352    0.0386    0.0386    1.0000
 6171.8800    249.2892    1.0210    0.0384    0.0384    1.0000
 6171.9200    251.2351    1.0145    0.0383    0.0383    1.0000
 6171.9600    253.1810    0.9877    0.0380    0.0380    1.0000
 6172.0000    255.1269    1.0063    0.0383    0.0383    1.0000
 6172.0400    257.0728    1.0078    0.0383    0.0383    1.0000
 6172.0800    259.0187    1.0591    0.0389    0.0389    1.0000
 6172.1200    260.9647    1.0060    0.0382    0.0382    1.0000
 6172.1600    262.9106    0.9483    0.0376    0.0376    1.0000
 6172.2000    264.8565    0.9985    0.0382    0.0382    1.0000
 6172.2400    266.8024    0.9466    0.0376    0.0376    1.0000
 6172.2800    268.7483    1.0199    0.0384    0.0384    1.0000
 6172.3200    270.6943    0.9628    0.0377    0.0377    1.0000
 6172.3600    272.6402    0.9632    0.0379    0.0379    1.0000
 6172.4000    274.5861    0.9793    0.0380    0.0380    1.0000
 6172.4400    276.5320    0.9733    0.0378    0.0378    1.0000
 6172.4800    278.4779    0.9704    0.0379    0.0379    1.0000
 6172.5200    280.4238    0.9299    0.0378    0.0378    1.0000
 6172.5600    282.3698    0.9656    0.0389    0.0389    1.0000
 6172.6000    284.3157    0.9838    0.0399    0.0399    1.0000
 6172.6400    286.2616    1.0111    0.0405    0.0405    1.0000
 6172.6800    288.2075    1.0181    0.0400    0.0400    1.0000
 6172.7200    290.1534    1.0575    0.0396    0.0396    1.0000
 6172.7600    292.0994    1.0703    0.0392    0.0392    1.0000
 6172.8000    294.0453    1.0229    0.0385    0.0385    1.0000
 6172.8400    295.9912    1.0153    0.0384    0.0384    1.0000
 6172.8800    297.9371    1.0311    0.0387    0.0387    1.0000
 6172.9200    299.8830    1.0171    0.0387    0.0387    1.0000
 6172.9600    301.8289    0.9939    0.0385    0.0385    1.0000
 6173.0000    303.7749    0.9686    0.0381    0.0381    1.0000
 6173.0400    305.7208    0.9795    0.0382    0.0382    1.0000
 6173.0800    307.6667    0.9520    0.0378    0.0378    1.0000
 6173.1200    309.6126    0.9915    0.0382    0.0382    1.0000
 6173.1600    311.5585    1.0748    0.0391    0.0391    1.0000
 6173.2000    313.5044    1.0618    0.0390    0.0390    1.0000
 6173.2400    315.4504    0.9874    0.0383    0.0383    1.0000
 6173.2800    317.3963    0.9997    0.0385    0.0385    1.0000
 6173.3200    319.3422    1.0322    0.0387    0.0387    1.0000
 6173.3600    321.2881    0.9976    0.0385    0.0385    1.0000
 6173.4000    323.2340    1.0129    0.0387    0.0387    1.0000
 6173.4400    325.1800    0.9921    0.0384    0.0384    1.0000
 6173.4800    327.1259    1.0431    0.0390    0.0390    1.0000
 6173.5200    329.0718    1.0361    0.0389    0.0389    1.0000
 6173.5600    331.0177    1.0075    0.0386    0.0386    1.0000
 6173.6000    332.9636    1.0210    0.0387    0.0387    1.0000
 6173.6400    334.9095    0.9881    0.0385    0.0385    1.0000
 6173.6800    336.8555    1.0121    0.0388    0.0388    1.0000
 6173.7200    338.8014    1.0530    0.0392    0.0392    1.0000
 6173.7600    340.7473    1.0347    0.0389    0.0389    1.0000
 6173.8000    342.6932    0.9983    0.0386    0.0386    1.0000
 6173.8400    344.6391    0.9934    0.0385    0.0385    1.0000
 6173.8800    346.5851    1.0207    0.0387    0.0387    1.0000
 6173.9200    348.5310    1.0208    0.0387    0.0387    1.0000
 6173.9600    350.4769    1.0102    0.0387    0.0387    1.0000
 6174.0000    352.4228    1.0116    0.0387    0.0387    1.0000
 6174.0400    354.3687    0.9940    0.0384    0.0384    1.0000
 6174.0800    356.3146    0.9951    0.0386    0.0386    1.0000
 6174.1200    358.2606    1.0041    0.0387    0.0387    1.0000
 6174.1600    360.2065    1.0238    0.0389    0.0389    1.0000
 6174.2000    362.1524    1.0310    0.0390    0.0390    1.0000
 6174.2400    364.0983    0.9816    0.0386    0.0386    1.0000
 6174.2800    366.0442    0.9633    0.0385    0.0385    1.0000
 6174.3200    367.9901    0.9674    0.0385    0.0385    1.0000
 6174.3600    369.9361    0.9248    0.0380    0.0380    1.0000
 6174.4000    371.8820    0.9840    0.0387    0.0387    1.0000
 6174.4400    373.8279    0.9934    0.0388    0.0388    1.0000
 6174.4800    375.7738    0.9088    0.0379    0.0379    1.0000
 6174.5200    377.7197    0.9925    0.0389    0.0389    1.0000
 6174.5600    379.6657    0.9992    0.0388    0.0388    1.0000
 6174.6000    381.6116    0.9679    0.0384    0.0384    1.0000
 6174.6400    383.5575    0.9677    0.0384    0.0384    1.0000
 6174.6800    385.5034    0.9813    0.0386    0.0386    1.0000
 6174.7200    387.4493    0.9852    0.0388    0.0388    1.0000
 6174.7600    389.3952    1.0009    0.0390    0.0390    1.0000
 6174.8000    391.3412    0.9292    0.0380    0.0380    1.0000
 6174.8400    393.2871    0.9894    0.0387    0.0387    1.0000
 6174.8800    395.2330    1.0565    0.0394    0.0394    1.0000
 6174.9200    397.1789    1.0471    0.0393    0.0393    1.0000
 6174.9600    399.1248    0.9887    0.0387    0.0387    1.0000
 6175.0000    401.0708    1.0188    0.0391    0.0391    1.0000
 6175.0400    403.0167    1.0171    0.0390    0.0390    1.0000
 6175.0800    404.9626    0.9729    0.0384    0.0384    1.0000
 6175.1200    406.9085    0.9653    0.0383    0.0383    1.0000
 6175.1600    408.8544    0.9510    0.0383    0.0383    1.0000
 6175.2000    410.8003    0.9623    0.0385    0.0385    1.0000
 6175.2400    412.7463    0.9974    0.0388    0.0388    1.0000
 6175.2800    414.6922    0.9799    0.0385    0.0385    1.0000
 6175.3200    416.6381    0.9646    0.0384    0.0384    1.0000
 6175.3600    418.5840    0.9741    0.0386    0.0386    1.0000
 6175.4000    420.5299    1.0035    0.0390    0.0390    1.0000
 6175.4400    422.4758    0.9701    0.0386    0.0386    1.0000
 6175.4800    424.4218    0.9838    0.0387    0.0387    1.0000
 6175.5200    426.3677    1.0104    0.0391    0.0391    1.0000
 6175.5600    428.3136    0.9885    0.0388    0.0388    1.0000
 6175.6000    430.2595    1.0124    0.0390    0.0390    1.0000
 6175.6400    432.2054    0.9854    0.0386    0.0386    1.0000
 6175.6800    434.1514    1.0760    0.0398    0.0398    1.0000
 6175.7200    436.0973    0.9711    0.0387    0.0387    1.0000
 6175.7600    438.0432    0.9820    0.0387    0.0387    1.0000
 6175.8000    439.9891    1.0026    0.0389    0.0389    1.0000
 6175.8400    441.9350    1.0307    0.0394    0.0394    1.0000
 6175.8800    443.8809    0.9903    0.0390    0.0390    1.0000
 6175.9200    445.8269    1.0086    0.0392    0.0392    1.0000
 6175.9600    447.7728    1.0581    0.0396    0.0396    1.0000
 6176.0000    449.7187    1.0135    0.0391    0.0391    1.0000
 6176.0400    451.6646    1.0125    0.0391    0.0391    1.0000
 6176.0800    453.6105    0.9925    0.0390    0.0390    1.0000
 6176.1200    455.5565    1.0094    0.0393    0.0393    1.0000
 6176.1600    457.5024    1.0059    0.0393    0.0393    1.0000
 6176.2000    459.4483    0.9817    0.0390    0.0390    1.0000
 6176.2400    461.3942    0.9400    0.0384    0.0384    1.0000
 6176.2800    463.3401    0.9845    0.0388    0.0388    1.0000
 6176.3200    465.2860    1.0124    0.0391    0.0391    1.0000
 6176.3600    467.2320    0.9945    0.0391    0.0391    1.0000
 6176.4000    469.1779    1.0022    0.0392    0.0392    1.0000
 6176.4400    471.1238    0.9842    0.0391    0.0391    1.0000
 6176.4800    473.0697    0.9718    0.0390    0.0390    1.0000
 6176.5200    475.0156    1.0059    0.0394    0.0394    1.0000
 6176.5600    476.9615    1.0329    0.0397    0.0397    1.0000
 6176.6000    478.9075    1.0332    0.0396    0.0396    1.0000
 6176.6400    480.8534    0.9868    0.0391    0.0391    1.0000
 6176.6800    482.7993    1.0421    0.0396    0.0396    1.0000
 6176.7200    484.7452    1.0796    0.0399    0.0399    1.0000
 6176.7600    486.6911    1.0475    0.0397    0.0397    1.0000
 6176.8000    488.6371    1.0185    0.0396    0.0396    1.0000
 6176.8400    490.5830    1.0452    0.0398    0.0398    1.0000
 6176.8800    492.5289    1.0425    0.0397    0.0397    1.0000
 6176.9200    494.4748    0.9507    0.0386    0.0386    1.0000
 6176.9600    496.4207    1.0723    0.0399    0.0399    1.0000
 6177.0000    498.3666    1.0708    0.0398    0.0398    1.0000
 6177.0400    500.3126    1.0000    0.0378    0.0378    1.0000
 6177.0800    502.2585    1.0006    0.0394    0.0394    1.0000
 6177.1200    504.2044    0.9746    0.0391    0.0391    1.0000
 6177.1600    506.1503    0.9986    0.0407    0.0407    1.0000
 6177.2000    508.0962    1.0235    0.0395    0.0395    1.0000
 6177.2400    510.0422    1.0162    0.0395    0.0395    1.0000
 6177.2800    511.9881    1.0117    0.0395    0.0395    1.0000
 6177.3200    513.9340    0.9732    0.0391    0.0391    1.0000
 6177.3600    515.8799    0.9873    0.0391    0.0391    1.0000
 6177.4000    517.8258    1.0388    0.0396    0.0396    1.0000
 6177.4400    519.7717    1.0343    0.0397    0.0397    1.0000
 6177.4800    521.7177    0.9848    0.0392    0.0392    1.0000
 6177.5200    523.6636    0.9764    0.0391    0.0391    1.0000
 6177.5600    525.6095    0.9787    0.0390    0.0390    1.0000
 6177.6000    527.5554    1.0170    0.0394    0.0394    1.0000
 6177.6400    529.5013    0.9995    0.0394    0.0394    1.0000
 6177.6800    531.4472    0.9912    0.0394    0.0394    1.0000
 6177.7200    533.3932    1.0203    0.0396    0.0396    1.0000
 6177.7600    535.3391    1.0316    0.0396    0.0396    1.0000
 6177.8000    537.2850    1.0303    0.0396    0.0396    1.0000
 6177.8400    539.2309    0.9966    0.0393    0.0393    1.0000
 6177.8800    541.1768    0.9793    0.0392    0.0392    1.0000
 6177.9200    543.1228    1.0071    0.0396    0.0396    1.0000
 6177.9600    545.0687    1.0187    0.0397    0.0397    1.0000
 6178.0000    547.0146    1.0191    0.0397    0.0397    1.0000
 6178.0400    548.9605    0.9682    0.0392    0.0392    1.0000
 6178.0800    550.9064    0.9449    0.0389    0.0389    1.0000
 6178.1200    552.8523    0.9439    0.0390    0.0390    1.0000
 6178.1600    554.7983    0.9601    0.0395    0.0395    1.0000
 6178.2000    556.7442    0.9599    0.0396    0.0396    1.0000
 6178.2400    558.6901    1.0136    0.0401    0.0401    1.0000
 6178.2800    560.6360    0.9824    0.0397    0.0397    1.0000
 6178.3200    562.5819    1.0201    0.0400    0.0400    1.0000
 6178.3600    564.5279    1.0178    0.0400    0.0400    1.0000
 6178.4000    566.4738    1.0665    0.0403    0.0403    1.0000
 6178.4400    568.4197    0.9368    0.0387    0.0387    1.0000
 6178.4800    570.3656    1.0128    0.0397    0.0397    1.0000
 6178.5200    572.3115    1.0376    0.0398    0.0398    1.0000
 6178.5600    574.2574    1.0072    0.0397    0.0397    1.0000
 6178.6000    576.2034    1.0091    0.0398    0.0398    1.0000
 6178.6400    578.1493    0.9770    0.0392    0.0392    1.0000
 6178.6800    580.0952    1.0685    0.0402    0.0402    1.0000
 6178.7200    582.0411    1.0536    0.0399    0.0399    1.0000
 6178.7600    583.9870    0.9808    0.0394    0.0394    1.0000
 6178.8000    585.9329    0.9398    0.0390    0.0390    1.0000
 6178.8400    587.8789    0.9543    0.0391    0.0391    1.0000
 6178.8800    589.8248    0.9737    0.0393    0.0393    1.0000
 6178.9200    591.7707    0.9283    0.0389    0.0389    1.0000
 6178.9600    593.7166    1.0030    0.0399    0.0399    1.0000
 6179.0000    595.6625    1.0372    0.0402    0.0402    1.0000
 6179.0400    597.6085    0.9725    0.0395    0.0395    1.0000
 6179.0800    599.5544    0.9974    0.0398    0.0398    1.0000
