   4010.3600  -570.2445     0.9869     0.1175     0.1175     1.0000
   4010.4000  -567.2600     1.0090     0.1178     0.1178     1.0000
   4010.4400  -564.2755     0.9415     0.1169     0.1169     1.0000
   4010.4800  -561.2910     0.8934     0.1168     0.1168     1.0000
   4010.5200  -558.3065     0.9248     0.1162     0.1162     1.0000
   4010.5600  -555.3220     1.0540     0.1170     0.1170     1.0000
   4010.6000  -552.3375     1.0857     0.1178     0.1178     1.0000
   4010.6400  -549.3530     1.0937     0.1187     0.1187     1.0000
   4010.6800  -546.3685     0.9220     0.1173     0.1173     1.0000
   4010.7200  -543.3841     0.9374     0.1166     0.1166     1.0000
   4010.7600  -540.3996     1.0641     0.1183     0.1183     1.0000
   4010.8000  -537.4151     1.0261     0.1175     0.1175     1.0000
   4010.8400  -534.4306     1.0920     0.1178     0.1178     1.0000
   4010.8800  -531.4461     0.9845     0.1165     0.1165     1.0000
   4010.9200  -528.4616     0.9838     0.1163     0.1163     1.0000
   4010.9600  -525.4771     0.9400     0.1156     0.1156     1.0000
   4011.0000  -522.4926     1.0949     0.1174     0.1174     1.0000
   4011.0400  -519.5081     1.0891     0.1179     0.1179     1.0000
   4011.0800  -516.5236     1.0107     0.1170     0.1170     1.0000
   4011.1200  -513.5391     1.0524     0.1182     0.1182     1.0000
   4011.1600  -510.5546     1.0559     0.1184     0.1184     1.0000
   4011.2000  -507.5701     1.0987     0.1186     0.1186     1.0000
   4011.2400  -504.5857     1.0589     0.1182     0.1182     1.0000
   4011.2800  -501.6012     0.9782     0.1173     0.1173     1.0000
   4011.3200  -498.6167     0.8756     0.1159     0.1159     1.0000
   4011.3600  -495.6322     0.8560     0.1168     0.1168     1.0000
   4011.4000  -492.6477     0.8201     0.1178     0.1178     1.0000
   4011.4400  -489.6632     0.9589     0.1182     0.1182     1.0000
   4011.4800  -486.6787     0.9449     0.1175     0.1175     1.0000
   4011.5200  -483.6942     0.8828     0.1175     0.1175     1.0000
   4011.5600  -480.7097     0.9540     0.1177     0.1177     1.0000
   4011.6000  -477.7252     0.9148     0.1173     0.1173     1.0000
   4011.6400  -474.7407     1.0645     0.1192     0.1192     1.0000
   4011.6800  -471.7562     1.1658     0.1199     0.1199     1.0000
   4011.7200  -468.7717     1.0779     0.1187     0.1187     1.0000
   4011.7600  -465.7873     1.1224     0.1192     0.1192     1.0000
   4011.8000  -462.8028     0.9038     0.1183     0.1183     1.0000
   4011.8400  -459.8183     0.8190     0.1171     0.1171     1.0000
   4011.8800  -456.8338     0.9340     0.1178     0.1178     1.0000
   4011.9200  -453.8493     0.9523     0.1175     0.1175     1.0000
   4011.9600  -450.8648     1.0064     0.1182     0.1182     1.0000
   4012.0000  -447.8803     1.0894     0.1191     0.1191     1.0000
   4012.0400  -444.8958     1.0710     0.1188     0.1188     1.0000
   4012.0800  -441.9113     1.0831     0.1183     0.1183     1.0000
   4012.1200  -438.9268     1.0466     0.1191     0.1191     1.0000
   4012.1600  -435.9423     0.9054     0.1163     0.1163     1.0000
   4012.2000  -432.9578     0.9256     0.1167     0.1167     1.0000
   4012.2400  -429.9733     0.8916     0.1175     0.1175     1.0000
   4012.2800  -426.9889     1.0273     0.1186     0.1186     1.0000
   4012.3200  -424.0044     0.8672     0.1167     0.1167     1.0000
   4012.3600  -421.0199     0.9680     0.1173     0.1173     1.0000
   4012.4000  -418.0354     1.0173     0.1181     0.1181     1.0000
   4012.4400  -415.0509     1.2511     0.1200     0.1200     1.0000
   4012.4800  -412.0664     1.0244     0.1178     0.1178     1.0000
   4012.5200  -409.0819     0.9589     0.1180     0.1180     1.0000
   4012.5600  -406.0974     0.8408     0.1168     0.1168     1.0000
   4012.6000  -403.1129     0.9185     0.1178     0.1178     1.0000
   4012.6400  -400.1284     0.9971     0.1181     0.1181     1.0000
   4012.6800  -397.1439     1.0564     0.1185     0.1185     1.0000
   4012.7200  -394.1594     1.0296     0.1187     0.1187     1.0000
   4012.7600  -391.1749     0.9208     0.1182     0.1182     1.0000
   4012.8000  -388.1905     1.0475     0.1183     0.1183     1.0000
   4012.8400  -385.2060     1.2336     0.1203     0.1203     1.0000
   4012.8800  -382.2215     0.9590     0.1179     0.1179     1.0000
   4012.9200  -379.2370     0.9026     0.1176     0.1176     1.0000
   4012.9600  -376.2525     1.0974     0.1188     0.1188     1.0000
   4013.0000  -373.2680     1.1468     0.1202     0.1202     1.0000
   4013.0400  -370.2835     0.8853     0.1188     0.1188     1.0000
   4013.0800  -367.2990     0.9601     0.1187     0.1187     1.0000
   4013.1200  -364.3145     0.9695     0.1189     0.1189     1.0000
   4013.1600  -361.3300     0.9779     0.1188     0.1188     1.0000
   4013.2000  -358.3455     0.9806     0.1184     0.1184     1.0000
   4013.2400  -355.3610     1.0907     0.1196     0.1196     1.0000
   4013.2800  -352.3765     0.9639     0.1188     0.1188     1.0000
   4013.3200  -349.3921     0.9717     0.1185     0.1185     1.0000
   4013.3600  -346.4076     1.0546     0.1194     0.1194     1.0000
   4013.4000  -343.4231     1.0396     0.1191     0.1191     1.0000
   4013.4400  -340.4386     1.0720     0.1190     0.1190     1.0000
   4013.4800  -337.4541     1.0657     0.1188     0.1188     1.0000
   4013.5200  -334.4696     1.0774     0.1187     0.1187     1.0000
   4013.5600  -331.4851     0.9044     0.1178     0.1178     1.0000
   4013.6000  -328.5006     1.0500     0.1196     0.1196     1.0000
   4013.6400  -325.5161     0.9256     0.1185     0.1185     1.0000
   4013.6800  -322.5316     0.9104     0.1173     0.1173     1.0000
   4013.7200  -319.5471     0.9409     0.1178     0.1178     1.0000
   4013.7600  -316.5626     0.9945     0.1186     0.1186     1.0000
   4013.8000  -313.5781     0.8677     0.1175     0.1175     1.0000
   4013.8400  -310.5937     1.0977     0.1197     0.1197     1.0000
   4013.8800  -307.6092     1.1018     0.1205     0.1205     1.0000
   4013.9200  -304.6247     1.0541     0.1198     0.1198     1.0000
   4013.9600  -301.6402     1.1087     0.1202     0.1202     1.0000
   4014.0000  -298.6557     0.9446     0.1188     0.1188     1.0000
   4014.0400  -295.6712     1.0207     0.1195     0.1195     1.0000
   4014.0800  -292.6867     1.0000    -1.0000    -1.0000     1.0000
   4014.1200  -289.7022     1.0504     0.1194     0.1194     1.0000
   4014.1600  -286.7177     0.9279     0.1189     0.1189     1.0000
   4014.2000  -283.7332     0.9151     0.1187     0.1187     1.0000
   4014.2400  -280.7487     1.0122     0.1189     0.1189     1.0000
   4014.2800  -277.7642     1.2041     0.1208     0.1208     1.0000
   4014.3200  -274.7797     0.6682     0.1174     0.1174     1.0000
   4014.3600  -271.7953     0.8413     0.1186     0.1186     1.0000
   4014.4000  -268.8108     1.0275     0.1213     0.1213     1.0000
   4014.4400  -265.8263     1.0663     0.1209     0.1209     1.0000
   4014.4800  -262.8418     1.3968     0.1241     0.1241     1.0000
   4014.5200  -259.8573     1.0469     0.1195     0.1195     1.0000
   4014.5600  -256.8728     1.2756     0.1230     0.1230     1.0000
   4014.6000  -253.8883     0.8203     0.1190     0.1190     1.0000
   4014.6400  -250.9038     1.1255     0.1207     0.1207     1.0000
   4014.6800  -247.9193     1.2427     0.1215     0.1215     1.0000
   4014.7200  -244.9348     0.9913     0.1188     0.1188     1.0000
   4014.7600  -241.9503     1.0153     0.1203     0.1203     1.0000
   4014.8000  -238.9658     0.9231     0.1195     0.1195     1.0000
   4014.8400  -235.9813     0.8618     0.1190     0.1190     1.0000
   4014.8800  -232.9969     0.9156     0.1199     0.1199     1.0000
   4014.9200  -230.0124     0.8843     0.1196     0.1196     1.0000
   4014.9600  -227.0279     0.8453     0.1182     0.1182     1.0000
   4015.0000  -224.0434     0.8226     0.1190     0.1190     1.0000
   4015.0400  -221.0589     0.9375     0.1195     0.1195     1.0000
   4015.0800  -218.0744     1.0024     0.1189     0.1189     1.0000
   4015.1200  -215.0899     1.0024     0.1191     0.1191     1.0000
   4015.1600  -212.1054     1.1280     0.1209     0.1209     1.0000
   4015.2000  -209.1209     1.0561     0.1201     0.1201     1.0000
   4015.2400  -206.1364     1.1187     0.1204     0.1204     1.0000
   4015.2800  -203.1519     1.0509     0.1203     0.1203     1.0000
   4015.3200  -200.1674     0.9268     0.1201     0.1201     1.0000
   4015.3600  -197.1829     0.9861     0.1212     0.1212     1.0000
   4015.4000  -194.1985     0.9473     0.1199     0.1199     1.0000
   4015.4400  -191.2140     0.8569     0.1187     0.1187     1.0000
   4015.4800  -188.2295     1.1522     0.1218     0.1218     1.0000
   4015.5200  -185.2450     1.0429     0.1200     0.1200     1.0000
   4015.5600  -182.2605     1.1257     0.1211     0.1211     1.0000
   4015.6000  -179.2760     1.1378     0.1214     0.1214     1.0000
   4015.6400  -176.2915     1.1553     0.1222     0.1222     1.0000
   4015.6800  -173.3070     0.9310     0.1201     0.1201     1.0000
   4015.7200  -170.3225     1.0852     0.1208     0.1208     1.0000
   4015.7600  -167.3380     0.9207     0.1186     0.1186     1.0000
   4015.8000  -164.3535     1.0905     0.1210     0.1210     1.0000
   4015.8400  -161.3690     0.9405     0.1197     0.1197     1.0000
   4015.8800  -158.3845     1.0553     0.1201     0.1201     1.0000
   4015.9200  -155.4001     0.8829     0.1198     0.1198     1.0000
   4015.9600  -152.4156     1.0296     0.1215     0.1215     1.0000
   4016.0000  -149.4311     0.9790     0.1199     0.1199     1.0000
   4016.0400  -146.4466     1.1108     0.1208     0.1208     1.0000
   4016.0800  -143.4621     0.9899     0.1202     0.1202     1.0000
   4016.1200  -140.4776     1.1322     0.1219     0.1219     1.0000
   4016.1600  -137.4931     1.0536     0.1210     0.1210     1.0000
   4016.2000  -134.5086     1.1102     0.1212     0.1212     1.0000
   4016.2400  -131.5241     0.8502     0.1197     0.1197     1.0000
   4016.2800  -128.5396     1.0005     0.1211     0.1211     1.0000
   4016.3200  -125.5551     0.8971     0.1204     0.1204     1.0000
   4016.3600  -122.5706     1.1631     0.1223     0.1223     1.0000
   4016.4000  -119.5861     1.0633     0.1215     0.1215     1.0000
   4016.4400  -116.6017     1.1211     0.1224     0.1224     1.0000
   4016.4800  -113.6172     0.9116     0.1202     0.1202     1.0000
   4016.5200  -110.6327     1.0392     0.1220     0.1220     1.0000
   4016.5600  -107.6482     1.1871     0.1229     0.1229     1.0000
   4016.6000  -104.6637     0.9616     0.1212     0.1212     1.0000
   4016.6400  -101.6792     1.0409     0.1221     0.1221     1.0000
   4016.6800   -98.6947     1.0612     0.1219     0.1219     1.0000
   4016.7200   -95.7102     0.9222     0.1207     0.1207     1.0000
   4016.7600   -92.7257     1.0550     0.1220     0.1220     1.0000
   4016.8000   -89.7412     1.0111     0.1209     0.1209     1.0000
   4016.8400   -86.7567     1.0308     0.1203     0.1203     1.0000
   4016.8800   -83.7722     1.0384     0.1218     0.1218     1.0000
   4016.9200   -80.7877     0.6864     0.1204     0.1204     1.0000
   4016.9600   -77.8033     0.7250     0.1194     0.1194     1.0000
   4017.0000   -74.8188     0.8735     0.1204     0.1204     1.0000
   4017.0400   -71.8343     0.7745     0.1207     0.1207     1.0000
   4017.0800   -68.8498     0.9292     0.1217     0.1217     1.0000
   4017.1200   -65.8653     0.8811     0.1212     0.1212     1.0000
   4017.1600   -62.8808     0.8723     0.1209     0.1209     1.0000
   4017.2000   -59.8963     0.9358     0.1216     0.1216     1.0000
   4017.2400   -56.9118     0.9186     0.1211     0.1211     1.0000
   4017.2800   -53.9273     0.8571     0.1209     0.1209     1.0000
   4017.3200   -50.9428     0.8480     0.1206     0.1206     1.0000
   4017.3600   -47.9583     0.9881     0.1211     0.1211     1.0000
   4017.4000   -44.9738     0.9684     0.1218     0.1218     1.0000
   4017.4400   -41.9893     1.0500     0.1227     0.1227     1.0000
   4017.4800   -39.0049     1.0990     0.1222     0.1222     1.0000
   4017.5200   -36.0204     1.0248     0.1211     0.1211     1.0000
   4017.5600   -33.0359     1.2207     0.1245     0.1245     1.0000
   4017.6000   -30.0514     0.9687     0.1230     0.1230     1.0000
   4017.6400   -27.0669     0.9442     0.1240     0.1240     1.0000
   4017.6800   -24.0824     0.8515     0.1225     0.1225     1.0000
   4017.7200   -21.0979     0.9162     0.1225     0.1225     1.0000
   4017.7600   -18.1134     1.0727     0.1234     0.1234     1.0000
   4017.8000   -15.1289     1.0663     0.1238     0.1238     1.0000
   4017.8400   -12.1444     0.9101     0.1222     0.1222     1.0000
   4017.8800    -9.1599     0.9560     0.1220     0.1220     1.0000
   4017.9200    -6.1754     1.0604     0.1232     0.1232     1.0000
   4017.9600    -3.1909     1.0305     0.1233     0.1233     1.0000
   4018.0000    -0.2065     1.1089     0.1245     0.1245     1.0000
   4018.0400     2.7780     0.9325     0.1232     0.1232     1.0000
   4018.0800     5.7625     0.9152     0.1223     0.1223     1.0000
   4018.1200     8.7470     0.8872     0.1220     0.1220     1.0000
   4018.1600    11.7315     1.0390     0.1237     0.1237     1.0000
   4018.2000    14.7160     1.1125     0.1247     0.1247     1.0000
   4018.2400    17.7005     0.9514     0.1258     0.1258     1.0000
   4018.2800    20.6850     1.0405     0.1387     0.1387     1.0000
   4018.3200    23.6695     1.0499     0.1233     0.1233     1.0000
   4018.3600    26.6540     1.0031     0.1235     0.1235     1.0000
   4018.4000    29.6385     0.8233     0.1227     0.1227     1.0000
   4018.4400    32.6230     1.0106     0.1238     0.1238     1.0000
   4018.4800    35.6075     0.9846     0.1234     0.1234     1.0000
   4018.5200    38.5919     0.9344     0.1227     0.1227     1.0000
   4018.5600    41.5764     1.1893     0.1251     0.1251     1.0000
   4018.6000    44.5609     1.1086     0.1246     0.1246     1.0000
   4018.6400    47.5454     1.0000    -1.0000    -1.0000     1.0000
   4018.6800    50.5299     1.0000    -1.0000    -1.0000     1.0000
   4018.7200    53.5144     0.7700     0.1227     0.1227     1.0000
   4018.7600    56.4989     1.1231     0.1265     0.1265     1.0000
   4018.8000    59.4834     1.0674     0.1240     0.1240     1.0000
   4018.8400    62.4679     1.0969     0.1235     0.1235     1.0000
   4018.8800    65.4524     1.3125     0.1265     0.1265     1.0000
   4018.9200    68.4369     1.0978     0.1250     0.1250     1.0000
   4018.9600    71.4214     0.9472     0.1242     0.1242     1.0000
   4019.0000    74.4059     1.0813     0.1255     0.1255     1.0000
   4019.0400    77.3903     0.9777     0.1254     0.1254     1.0000
   4019.0800    80.3748     1.0517     0.1257     0.1257     1.0000
   4019.1200    83.3593     1.0134     0.1246     0.1246     1.0000
   4019.1600    86.3438     0.8827     0.1241     0.1241     1.0000
   4019.2000    89.3283     0.8410     0.1247     0.1247     1.0000
   4019.2400    92.3128     1.0918     0.1263     0.1263     1.0000
   4019.2800    95.2973     0.9656     0.1248     0.1248     1.0000
   4019.3200    98.2818     0.9988     0.1252     0.1252     1.0000
   4019.3600   101.2663     1.0274     0.1255     0.1255     1.0000
   4019.4000   104.2508     0.8726     0.1245     0.1245     1.0000
   4019.4400   107.2353     1.1447     0.1270     0.1270     1.0000
   4019.4800   110.2198     0.9449     0.1250     0.1250     1.0000
   4019.5200   113.2043     0.9417     0.1253     0.1253     1.0000
   4019.5600   116.1887     0.9447     0.1246     0.1246     1.0000
   4019.6000   119.1732     1.0664     0.1253     0.1253     1.0000
   4019.6400   122.1577     1.1733     0.1269     0.1269     1.0000
   4019.6800   125.1422     0.9559     0.1261     0.1261     1.0000
   4019.7200   128.1267     0.9322     0.1263     0.1263     1.0000
   4019.7600   131.1112     0.9386     0.1259     0.1259     1.0000
   4019.8000   134.0957     1.0628     0.1264     0.1264     1.0000
   4019.8400   137.0802     0.9894     0.1259     0.1259     1.0000
   4019.8800   140.0647     1.0265     0.1266     0.1266     1.0000
   4019.9200   143.0492     0.9227     0.1263     0.1263     1.0000
   4019.9600   146.0337     0.8956     0.1260     0.1260     1.0000
   4020.0000   149.0182     1.0156     0.1264     0.1264     1.0000
   4020.0400   152.0027     0.9895     0.1272     0.1272     1.0000
   4020.0800   154.9871     0.8794     0.1257     0.1257     1.0000
   4020.1200   157.9716     1.1240     0.1280     0.1280     1.0000
   4020.1600   160.9561     0.9469     0.1268     0.1268     1.0000
   4020.2000   163.9406     0.9873     0.1269     0.1269     1.0000
   4020.2400   166.9251     1.0091     0.1262     0.1262     1.0000
   4020.2800   169.9096     1.0434     0.1269     0.1269     1.0000
   4020.3200   172.8941     1.0447     0.1274     0.1274     1.0000
   4020.3600   175.8786     1.2371     0.1283     0.1283     1.0000
   4020.4000   178.8631     1.1586     0.1282     0.1282     1.0000
   4020.4400   181.8476     1.1591     0.1290     0.1290     1.0000
   4020.4800   184.8321     0.9355     0.1278     0.1278     1.0000
   4020.5200   187.8166     0.9090     0.1277     0.1277     1.0000
   4020.5600   190.8011     1.0151     0.1282     0.1282     1.0000
   4020.6000   193.7855     1.1338     0.1292     0.1292     1.0000
   4020.6400   196.7700     1.0329     0.1291     0.1291     1.0000
   4020.6800   199.7545     0.9841     0.1297     0.1297     1.0000
   4020.7200   202.7390     0.9780     0.1292     0.1292     1.0000
   4020.7600   205.7235     0.9839     0.1284     0.1284     1.0000
   4020.8000   208.7080     0.9896     0.1288     0.1288     1.0000
   4020.8400   211.6925     0.9269     0.1294     0.1294     1.0000
   4020.8800   214.6770     0.9145     0.1290     0.1290     1.0000
   4020.9200   217.6615     0.9303     0.1297     0.1297     1.0000
   4020.9600   220.6460     0.9380     0.1296     0.1296     1.0000
   4021.0000   223.6305     0.8231     0.1290     0.1290     1.0000
   4021.0400   226.6150     0.9413     0.1298     0.1298     1.0000
   4021.0800   229.5995     0.8920     0.1301     0.1301     1.0000
   4021.1200   232.5839     0.9685     0.1299     0.1299     1.0000
   4021.1600   235.5684     1.0013     0.1297     0.1297     1.0000
   4021.2000   238.5529     1.0946     0.1301     0.1301     1.0000
   4021.2400   241.5374     1.0407     0.1310     0.1310     1.0000
   4021.2800   244.5219     0.9260     0.1296     0.1296     1.0000
   4021.3200   247.5064     0.9898     0.1302     0.1302     1.0000
   4021.3600   250.4909     1.1196     0.1313     0.1313     1.0000
   4021.4000   253.4754     0.9979     0.1299     0.1299     1.0000
   4021.4400   256.4599     1.0081     0.1298     0.1298     1.0000
   4021.4800   259.4444     1.0539     0.1307     0.1307     1.0000
   4021.5200   262.4289     1.0575     0.1310     0.1310     1.0000
   4021.5600   265.4134     1.0132     0.1299     0.1299     1.0000
   4021.6000   268.3979     0.8822     0.1284     0.1284     1.0000
   4021.6400   271.3823     1.0265     0.1304     0.1304     1.0000
   4021.6800   274.3668     0.9137     0.1303     0.1303     1.0000
   4021.7200   277.3513     1.0383     0.1313     0.1313     1.0000
   4021.7600   280.3358     0.9441     0.1313     0.1313     1.0000
   4021.8000   283.3203     0.9384     0.1324     0.1324     1.0000
   4021.8400   286.3048     0.8329     0.1307     0.1307     1.0000
   4021.8800   289.2893     1.0747     0.1317     0.1317     1.0000
   4021.9200   292.2738     1.0160     0.1305     0.1305     1.0000
   4021.9600   295.2583     1.2015     0.1323     0.1323     1.0000
   4022.0000   298.2428     1.1098     0.1323     0.1323     1.0000
   4022.0400   301.2273     0.9307     0.1311     0.1311     1.0000
   4022.0800   304.2118     1.0065     0.1312     0.1312     1.0000
   4022.1200   307.1963     1.0632     0.1322     0.1322     1.0000
   4022.1600   310.1807     1.1885     0.1325     0.1325     1.0000
   4022.2000   313.1652     1.0032     0.1303     0.1303     1.0000
   4022.2400   316.1497     0.9863     0.1308     0.1308     1.0000
   4022.2800   319.1342     0.8996     0.1314     0.1314     1.0000
   4022.3200   322.1187     0.8965     0.1320     0.1320     1.0000
   4022.3600   325.1032     0.9198     0.1315     0.1315     1.0000
   4022.4000   328.0877     1.1144     0.1325     0.1325     1.0000
   4022.4400   331.0722     1.1493     0.1335     0.1335     1.0000
   4022.4800   334.0567     0.9505     0.1323     0.1323     1.0000
   4022.5200   337.0412     0.9844     0.1327     0.1327     1.0000
   4022.5600   340.0257     0.9606     0.1323     0.1323     1.0000
   4022.6000   343.0102     1.1159     0.1335     0.1335     1.0000
   4022.6400   345.9947     0.8538     0.1324     0.1324     1.0000
   4022.6800   348.9791     1.0949     0.1336     0.1336     1.0000
   4022.7200   351.9636     0.9531     0.1326     0.1326     1.0000
   4022.7600   354.9481     0.9272     0.1329     0.1329     1.0000
   4022.8000   357.9326     0.9955     0.1331     0.1331     1.0000
   4022.8400   360.9171     1.0408     0.1335     0.1335     1.0000
   4022.8800   363.9016     1.0251     0.1328     0.1328     1.0000
   4022.9200   366.8861     1.0738     0.1338     0.1338     1.0000
   4022.9600   369.8706     0.9179     0.1334     0.1334     1.0000
   4023.0000   372.8551     1.0369     0.1341     0.1341     1.0000
   4023.0400   375.8396     1.0290     0.1341     0.1341     1.0000
   4023.0800   378.8241     0.9484     0.1322     0.1322     1.0000
   4023.1200   381.8086     1.0026     0.1332     0.1332     1.0000
   4023.1600   384.7931     0.9929     0.1339     0.1339     1.0000
   4023.2000   387.7775     1.1686     0.1361     0.1361     1.0000
   4023.2400   390.7620     1.0760     0.1348     0.1348     1.0000
   4023.2800   393.7465     1.0729     0.1343     0.1343     1.0000
   4023.3200   396.7310     0.9606     0.1342     0.1342     1.0000
   4023.3600   399.7155     0.9784     0.1351     0.1351     1.0000
   4023.4000   402.7000     0.7599     0.1336     0.1336     1.0000
   4023.4400   405.6845     0.8912     0.1350     0.1350     1.0000
   4023.4800   408.6690     0.9764     0.1353     0.1353     1.0000
   4023.5200   411.6535     0.8878     0.1346     0.1346     1.0000
   4023.5600   414.6380     0.9026     0.1350     0.1350     1.0000
   4023.6000   417.6225     1.0057     0.1358     0.1358     1.0000
   4023.6400   420.6070     0.8794     0.1358     0.1358     1.0000
   4023.6800   423.5915     1.1046     0.1367     0.1367     1.0000
   4023.7200   426.5759     0.9465     0.1351     0.1351     1.0000
   4023.7600   429.5604     0.9498     0.1362     0.1362     1.0000
   4023.8000   432.5449     1.1972     0.1387     0.1387     1.0000
   4023.8400   435.5294     0.9542     0.1360     0.1360     1.0000
   4023.8800   438.5139     1.0202     0.1377     0.1377     1.0000
   4023.9200   441.4984     0.9545     0.1380     0.1380     1.0000
   4023.9600   444.4829     0.8014     0.1377     0.1377     1.0000
   4024.0000   447.4674     0.6840     0.1358     0.1358     1.0000
   4024.0400   450.4519     1.1089     0.1379     0.1379     1.0000
   4024.0800   453.4364     1.1023     0.1389     0.1389     1.0000
   4024.1200   456.4209     0.8471     0.1378     0.1378     1.0000
   4024.1600   459.4054     1.0156     0.1389     0.1389     1.0000
   4024.2000   462.3899     1.1315     0.1397     0.1397     1.0000
   4024.2400   465.3743     0.9974     0.1392     0.1392     1.0000
   4024.2800   468.3588     1.0563     0.1392     0.1392     1.0000
   4024.3200   471.3433     0.9783     0.1388     0.1388     1.0000
   4024.3600   474.3278     0.8855     0.1378     0.1378     1.0000
   4024.4000   477.3123     0.9551     0.1377     0.1377     1.0000
   4024.4400   480.2968     1.1000     0.1387     0.1387     1.0000
   4024.4800   483.2813     1.1181     0.1396     0.1396     1.0000
   4024.5200   486.2658     0.8812     0.1380     0.1380     1.0000
   4024.5600   489.2503     1.0785     0.1394     0.1394     1.0000
   4024.6000   492.2348     0.8591     0.1382     0.1382     1.0000
   4024.6400   495.2193     1.1617     0.1412     0.1412     1.0000
   4024.6800   498.2038     1.1562     0.1409     0.1409     1.0000
   4024.7200   501.1883     0.9680     0.1394     0.1394     1.0000
   4024.7600   504.1727     0.9603     0.1393     0.1393     1.0000
   4024.8000   507.1572     1.1316     0.1416     0.1416     1.0000
   4024.8400   510.1417     0.9524     0.1399     0.1399     1.0000
   4024.8800   513.1262     1.1231     0.1416     0.1416     1.0000
   4024.9200   516.1107     1.0306     0.1417     0.1417     1.0000
   4024.9600   519.0952     0.8655     0.1401     0.1401     1.0000
   4025.0000   522.0797     0.9938     0.1405     0.1405     1.0000
   4025.0400   525.0642     1.0885     0.1413     0.1413     1.0000
   4025.0800   528.0487     1.1875     0.1424     0.1424     1.0000
   4025.1200   531.0332     1.0438     0.1406     0.1406     1.0000
   4025.1600   534.0177     1.0344     0.1407     0.1407     1.0000
   4025.2000   537.0022     1.0658     0.1419     0.1419     1.0000
   4025.2400   539.9867     0.8614     0.1406     0.1406     1.0000
   4025.2800   542.9711     0.9435     0.1416     0.1416     1.0000
   4025.3200   545.9556     0.9151     0.1410     0.1410     1.0000
   4025.3600   548.9401     1.0220     0.1410     0.1410     1.0000
   4025.4000   551.9246     0.9300     0.1400     0.1400     1.0000
   4025.4400   554.9091     1.0247     0.1404     0.1404     1.0000
   4025.4800   557.8936     1.0171     0.1413     0.1413     1.0000
   4025.5200   560.8781     1.0396     0.1416     0.1416     1.0000
   4025.5600   563.8626     0.8603     0.1414     0.1414     1.0000
   4025.6000   566.8471     0.7692     0.1407     0.1407     1.0000
   4025.6400   569.8316     1.0906     0.1426     0.1426     1.0000
   4025.6800   572.8161     1.0440     0.1420     0.1420     1.0000
   4025.7200   575.8006     1.1659     0.1428     0.1428     1.0000
   4025.7600   578.7851     0.8502     0.1413     0.1413     1.0000
   4025.8000   581.7695     1.1786     0.1441     0.1441     1.0000
   4025.8400   584.7540     0.9942     0.1417     0.1417     1.0000
   4025.8800   587.7385     1.0520     0.1425     0.1425     1.0000
   4025.9200   590.7230     1.0544     0.1425     0.1425     1.0000
   4025.9600   593.7075     0.9129     0.1424     0.1424     1.0000
   4026.0000   596.6920     0.9655     0.1426     0.1426     1.0000
   4026.0400   599.6765     0.9278     0.1424     0.1424     1.0000
   4026.0800   602.6610     0.9043     0.1430     0.1430     1.0000
   4026.1200   605.6455     1.1758     0.1457     0.1457     1.0000
   4026.1600   608.6300     1.0214     0.1447     0.1447     1.0000
   4026.2000   611.6145     1.0320     0.1445     0.1445     1.0000
   4026.2400   614.5990     0.9557     0.1447     0.1447     1.0000
   4026.2800   617.5835     1.1506     0.1459     0.1459     1.0000
   4026.3200   620.5679     0.9628     0.1454     0.1454     1.0000
   4026.3600   623.5524     1.2482     0.1475     0.1475     1.0000
