   4031.3200  -570.6896     1.0787     0.1764     0.1764     1.0000
   4031.3600  -567.7207     1.2149     0.1785     0.1785     1.0000
   4031.4000  -564.7517     1.0707     0.1776     0.1776     1.0000
   4031.4400  -561.7827     0.9363     0.1764     0.1764     1.0000
   4031.4800  -558.8138     1.0093     0.1762     0.1762     1.0000
   4031.5200  -555.8448     0.8160     0.1764     0.1764     1.0000
   4031.5600  -552.8758     1.0397     0.1787     0.1787     1.0000
   4031.6000  -549.9068     0.8427     0.1789     0.1789     1.0000
   4031.6400  -546.9379     0.9761     0.1797     0.1797     1.0000
   4031.6800  -543.9689     0.9188     0.1798     0.1798     1.0000
   4031.7200  -540.9999     1.0538     0.1808     0.1808     1.0000
   4031.7600  -538.0310     0.8498     0.1795     0.1795     1.0000
   4031.8000  -535.0620     1.0060     0.1797     0.1797     1.0000
   4031.8400  -532.0930     0.8568     0.1809     0.1809     1.0000
   4031.8800  -529.1240     1.0959     0.1809     0.1809     1.0000
   4031.9200  -526.1551     0.9725     0.1812     0.1812     1.0000
   4031.9600  -523.1861     0.6210     0.1838     0.1838     1.0000
   4032.0000  -520.2171     0.9010     0.1822     0.1822     1.0000
   4032.0400  -517.2482     1.0326     0.1144     0.1144     1.0000
   4032.0800  -514.2792     1.0093     0.1134     0.1134     1.0000
   4032.1200  -511.3102     1.1402     0.1147     0.1147     1.0000
   4032.1600  -508.3413     0.9887     0.1145     0.1145     1.0000
   4032.2000  -505.3723     0.8474     0.1148     0.1148     1.0000
   4032.2400  -502.4033     0.9871     0.1158     0.1158     1.0000
   4032.2800  -499.4343     1.0507     0.1155     0.1155     1.0000
   4032.3200  -496.4654     1.0409     0.1160     0.1160     1.0000
   4032.3600  -493.4964     1.0007     0.1163     0.1163     1.0000
   4032.4000  -490.5274     0.9416     0.1156     0.1156     1.0000
   4032.4400  -487.5585     0.8614     0.1157     0.1157     1.0000
   4032.4800  -484.5895     0.9477     0.1164     0.1164     1.0000
   4032.5200  -481.6205     1.0413     0.1160     0.1160     1.0000
   4032.5600  -478.6515     0.9941     0.1159     0.1159     1.0000
   4032.6000  -475.6826     1.0592     0.1160     0.1160     1.0000
   4032.6400  -472.7136     1.0998     0.1158     0.1158     1.0000
   4032.6800  -469.7446     1.0681     0.1155     0.1155     1.0000
   4032.7200  -466.7757     0.9926     0.1161     0.1161     1.0000
   4032.7600  -463.8067     0.9848     0.1161     0.1161     1.0000
   4032.8000  -460.8377     0.8207     0.1152     0.1152     1.0000
   4032.8400  -457.8688     1.0281     0.1154     0.1154     1.0000
   4032.8800  -454.8998     1.0647     0.1156     0.1156     1.0000
   4032.9200  -451.9308     1.0450     0.1154     0.1154     1.0000
   4032.9600  -448.9618     0.8845     0.1146     0.1146     1.0000
   4033.0000  -445.9929     0.9694     0.1147     0.1147     1.0000
   4033.0400  -443.0239     1.0105     0.1148     0.1148     1.0000
   4033.0800  -440.0549     0.9109     0.1141     0.1141     1.0000
   4033.1200  -437.0860     0.9071     0.1143     0.1143     1.0000
   4033.1600  -434.1170     1.1656     0.1147     0.1147     1.0000
   4033.2000  -431.1480     0.9723     0.1136     0.1136     1.0000
   4033.2400  -428.1790     1.0043     0.1135     0.1135     1.0000
   4033.2800  -425.2101     1.0513     0.1139     0.1139     1.0000
   4033.3200  -422.2411     1.0052     0.1126     0.1126     1.0000
   4033.3600  -419.2721     0.9322     0.1126     0.1126     1.0000
   4033.4000  -416.3032     1.1418     0.1137     0.1137     1.0000
   4033.4400  -413.3342     1.0903     0.1131     0.1131     1.0000
   4033.4800  -410.3652     0.9940     0.1125     0.1125     1.0000
   4033.5200  -407.3963     1.0103     0.1130     0.1130     1.0000
   4033.5600  -404.4273     0.9036     0.1124     0.1124     1.0000
   4033.6000  -401.4583     1.0102     0.1128     0.1128     1.0000
   4033.6400  -398.4893     1.0876     0.1128     0.1128     1.0000
   4033.6800  -395.5204     0.9748     0.1122     0.1122     1.0000
   4033.7200  -392.5514     1.0667     0.1121     0.1121     1.0000
   4033.7600  -389.5824     1.0233     0.1118     0.1118     1.0000
   4033.8000  -386.6135     0.9281     0.1116     0.1116     1.0000
   4033.8400  -383.6445     0.9662     0.1118     0.1118     1.0000
   4033.8800  -380.6755     0.9770     0.1119     0.1119     1.0000
   4033.9200  -377.7065     0.8460     0.1119     0.1119     1.0000
   4033.9600  -374.7376     1.0541     0.1123     0.1123     1.0000
   4034.0000  -371.7686     1.0119     0.1118     0.1118     1.0000
   4034.0400  -368.7996     1.2437     0.1128     0.1128     1.0000
   4034.0800  -365.8307     1.0671     0.1116     0.1116     1.0000
   4034.1200  -362.8617     1.0507     0.1111     0.1111     1.0000
   4034.1600  -359.8927     1.0029     0.1109     0.1109     1.0000
   4034.2000  -356.9237     0.9688     0.1105     0.1105     1.0000
   4034.2400  -353.9548     0.9490     0.1103     0.1103     1.0000
   4034.2800  -350.9858     0.9772     0.1099     0.1099     1.0000
   4034.3200  -348.0168     0.9030     0.1101     0.1101     1.0000
   4034.3600  -345.0479     0.9782     0.1106     0.1106     1.0000
   4034.4000  -342.0789     0.9470     0.1101     0.1101     1.0000
   4034.4400  -339.1099     1.0246     0.1108     0.1108     1.0000
   4034.4800  -336.1410     0.9481     0.1101     0.1101     1.0000
   4034.5200  -333.1720     1.1207     0.1103     0.1103     1.0000
   4034.5600  -330.2030     0.9337     0.1168     0.1168     1.0000
   4034.6000  -327.2340     0.8525     0.1118     0.1118     1.0000
   4034.6400  -324.2651     0.9922     0.1100     0.1100     1.0000
   4034.6800  -321.2961     1.1600     0.1102     0.1102     1.0000
   4034.7200  -318.3271     1.1457     0.1106     0.1106     1.0000
   4034.7600  -315.3582     0.9118     0.1094     0.1094     1.0000
   4034.8000  -312.3892     1.1376     0.1102     0.1102     1.0000
   4034.8400  -309.4202     1.0286     0.1098     0.1098     1.0000
   4034.8800  -306.4512     0.9801     0.1128     0.1128     1.0000
   4034.9200  -303.4823     1.0725     0.1105     0.1105     1.0000
   4034.9600  -300.5133     0.8192     0.1088     0.1088     1.0000
   4035.0000  -297.5443     0.9874     0.1092     0.1092     1.0000
   4035.0400  -294.5754     1.0308     0.1096     0.1096     1.0000
   4035.0800  -291.6064     0.9708     0.1091     0.1091     1.0000
   4035.1200  -288.6374     0.9329     0.1090     0.1090     1.0000
   4035.1600  -285.6685     0.9767     0.1092     0.1092     1.0000
   4035.2000  -282.6995     1.0302     0.1096     0.1096     1.0000
   4035.2400  -279.7305     1.0490     0.1096     0.1096     1.0000
   4035.2800  -276.7615     1.0010     0.1103     0.1103     1.0000
   4035.3200  -273.7926     0.9187     0.1091     0.1091     1.0000
   4035.3600  -270.8236     1.0374     0.1099     0.1099     1.0000
   4035.4000  -267.8546     1.0664     0.1098     0.1098     1.0000
   4035.4400  -264.8857     0.9644     0.1094     0.1094     1.0000
   4035.4800  -261.9167     1.0086     0.1089     0.1089     1.0000
   4035.5200  -258.9477     1.1328     0.1093     0.1093     1.0000
   4035.5600  -255.9787     0.8891     0.1082     0.1082     1.0000
   4035.6000  -253.0098     0.9965     0.1087     0.1087     1.0000
   4035.6400  -250.0408     0.9475     0.1081     0.1081     1.0000
   4035.6800  -247.0718     1.0487     0.1082     0.1082     1.0000
   4035.7200  -244.1029     1.0743     0.1088     0.1088     1.0000
   4035.7600  -241.1339     0.9346     0.1079     0.1079     1.0000
   4035.8000  -238.1649     1.0592     0.1085     0.1085     1.0000
   4035.8400  -235.1960     0.9962     0.1079     0.1079     1.0000
   4035.8800  -232.2270     0.8590     0.1075     0.1075     1.0000
   4035.9200  -229.2580     0.9755     0.1084     0.1084     1.0000
   4035.9600  -226.2890     1.0193     0.1085     0.1085     1.0000
   4036.0000  -223.3201     0.8874     0.1086     0.1086     1.0000
   4036.0400  -220.3511     1.0559     0.1091     0.1091     1.0000
   4036.0800  -217.3821     0.9834     0.1078     0.1078     1.0000
   4036.1200  -214.4132     0.9628     0.1078     0.1078     1.0000
   4036.1600  -211.4442     1.0568     0.1085     0.1085     1.0000
   4036.2000  -208.4752     0.9307     0.1079     0.1079     1.0000
   4036.2400  -205.5062     0.9415     0.1083     0.1083     1.0000
   4036.2800  -202.5373     1.0886     0.1093     0.1093     1.0000
   4036.3200  -199.5683     1.1055     0.1092     0.1092     1.0000
   4036.3600  -196.5993     1.0315     0.1080     0.1080     1.0000
   4036.4000  -193.6304     0.8926     0.1072     0.1072     1.0000
   4036.4400  -190.6614     0.6918     0.1070     0.1070     1.0000
   4036.4800  -187.6924     0.7246     0.1553     0.1553     1.0000
   4036.5200  -184.7235     1.2236     0.1158     0.1158     1.0000
   4036.5600  -181.7545     1.0418     0.1078     0.1078     1.0000
   4036.6000  -178.7855     1.1013     0.1092     0.1092     1.0000
   4036.6400  -175.8165     0.9757     0.1081     0.1081     1.0000
   4036.6800  -172.8476     1.1292     0.1083     0.1083     1.0000
   4036.7200  -169.8786     1.0785     0.1077     0.1077     1.0000
   4036.7600  -166.9096     0.9746     0.1082     0.1082     1.0000
   4036.8000  -163.9407     0.9676     0.1084     0.1084     1.0000
   4036.8400  -160.9717     0.9690     0.1076     0.1076     1.0000
   4036.8800  -158.0027     0.9414     0.1073     0.1073     1.0000
   4036.9200  -155.0337     0.9811     0.1079     0.1079     1.0000
   4036.9600  -152.0648     1.0231     0.1078     0.1078     1.0000
   4037.0000  -149.0958     1.0313     0.1079     0.1079     1.0000
   4037.0400  -146.1268     1.1537     0.1089     0.1089     1.0000
   4037.0800  -143.1579     0.8169     0.1070     0.1070     1.0000
   4037.1200  -140.1889     0.9430     0.1079     0.1079     1.0000
   4037.1600  -137.2199     0.9286     0.1075     0.1075     1.0000
   4037.2000  -134.2510     0.9722     0.1082     0.1082     1.0000
   4037.2400  -131.2820     1.0177     0.1080     0.1080     1.0000
   4037.2800  -128.3130     1.0867     0.1082     0.1082     1.0000
   4037.3200  -125.3440     1.1384     0.1082     0.1082     1.0000
   4037.3600  -122.3751     1.0573     0.1182     0.1182     1.0000
   4037.4000  -119.4061     1.0835     0.1191     0.1191     1.0000
   4037.4400  -116.4371     1.2363     0.1205     0.1205     1.0000
   4037.4800  -113.4682     0.9485     0.1175     0.1175     1.0000
   4037.5200  -110.4992     0.9483     0.1167     0.1167     1.0000
   4037.5600  -107.5302     0.9278     0.1170     0.1170     1.0000
   4037.6000  -104.5612     1.1812     0.1197     0.1197     1.0000
   4037.6400  -101.5923     0.9216     0.1171     0.1171     1.0000
   4037.6800   -98.6233     0.9356     0.1170     0.1170     1.0000
   4037.7200   -95.6543     1.0016     0.1169     0.1169     1.0000
   4037.7600   -92.6854     0.9125     0.1162     0.1162     1.0000
   4037.8000   -89.7164     1.0627     0.1172     0.1172     1.0000
   4037.8400   -86.7474     0.8517     0.1163     0.1163     1.0000
   4037.8800   -83.7784     0.8003     0.1152     0.1152     1.0000
   4037.9200   -80.8095     0.5629     0.1138     0.1138     1.0000
   4037.9600   -77.8405     0.6147     0.1137     0.1137     1.0000
   4038.0000   -74.8715     0.7708     0.1156     0.1156     1.0000
   4038.0400   -71.9026     1.0546     0.1167     0.1167     1.0000
   4038.0800   -68.9336     1.1306     0.1169     0.1169     1.0000
   4038.1200   -65.9646     1.1616     0.1168     0.1168     1.0000
   4038.1600   -62.9957     1.0099     0.1157     0.1157     1.0000
   4038.2000   -60.0267     0.9573     0.1154     0.1154     1.0000
   4038.2400   -57.0577     0.8126     0.1136     0.1136     1.0000
   4038.2800   -54.0887     0.7395     0.1133     0.1133     1.0000
   4038.3200   -51.1198     0.5826     0.1119     0.1119     1.0000
   4038.3600   -48.1508     0.5043     0.1122     0.1122     1.0000
   4038.4000   -45.1818     0.7753     0.1139     0.1139     1.0000
   4038.4400   -42.2129     0.8060     0.1134     0.1134     1.0000
   4038.4800   -39.2439     0.9716     0.1147     0.1147     1.0000
   4038.5200   -36.2749     0.7879     0.1126     0.1126     1.0000
   4038.5600   -33.3059     1.1051     0.1162     0.1162     1.0000
   4038.6000   -30.3370     0.9922     0.1145     0.1145     1.0000
   4038.6400   -27.3680     0.8802     0.1142     0.1142     1.0000
   4038.6800   -24.3990     1.0491     0.1148     0.1148     1.0000
   4038.7200   -21.4301     0.9387     0.1135     0.1135     1.0000
   4038.7600   -18.4611     0.9828     0.1142     0.1142     1.0000
   4038.8000   -15.4921     0.9451     0.1140     0.1140     1.0000
   4038.8400   -12.5232     0.8916     0.1136     0.1136     1.0000
   4038.8800    -9.5542     0.8552     0.1129     0.1129     1.0000
   4038.9200    -6.5852     0.7563     0.1121     0.1121     1.0000
   4038.9600    -3.6162     0.6706     0.1116     0.1116     1.0000
   4039.0000    -0.6473     0.6302     0.1121     0.1121     1.0000
   4039.0400     2.3217     0.7130     0.1126     0.1126     1.0000
   4039.0800     5.2907     0.4795     0.1105     0.1105     1.0000
   4039.1200     8.2596     0.4695     0.1107     0.1107     1.0000
   4039.1600    11.2286     0.7419     0.1114     0.1114     1.0000
   4039.2000    14.1976     1.0083     0.1137     0.1137     1.0000
   4039.2400    17.1666     0.9510     0.1134     0.1134     1.0000
   4039.2800    20.1355     0.9205     0.1127     0.1127     1.0000
   4039.3200    23.1045     0.9007     0.1125     0.1125     1.0000
   4039.3600    26.0735     0.8720     0.1119     0.1119     1.0000
   4039.4000    29.0424     0.9040     0.1124     0.1124     1.0000
   4039.4400    32.0114     1.0333     0.1133     0.1133     1.0000
   4039.4800    34.9804     0.9489     0.1117     0.1117     1.0000
   4039.5200    37.9493     1.0742     0.1137     0.1137     1.0000
   4039.5600    40.9183     0.9295     0.1129     0.1129     1.0000
   4039.6000    43.8873     0.9853     0.1134     0.1134     1.0000
   4039.6400    46.8563     0.9365     0.1130     0.1130     1.0000
   4039.6800    49.8252     0.8643     0.1124     0.1124     1.0000
   4039.7200    52.7942     0.8226     0.1121     0.1121     1.0000
   4039.7600    55.7632     1.0400     0.1136     0.1136     1.0000
   4039.8000    58.7321     0.9917     0.1129     0.1129     1.0000
   4039.8400    61.7011     0.8892     0.1118     0.1118     1.0000
   4039.8800    64.6701     0.9385     0.1114     0.1114     1.0000
   4039.9200    67.6391     1.1508     0.1140     0.1140     1.0000
   4039.9600    70.6080     1.0389     0.1138     0.1138     1.0000
   4040.0000    73.5770     0.9500     0.1130     0.1130     1.0000
   4040.0400    76.5460     1.0168     0.1130     0.1130     1.0000
   4040.0800    79.5149     1.0297     0.1125     0.1125     1.0000
   4040.1200    82.4839     0.8617     0.1116     0.1116     1.0000
   4040.1600    85.4529     1.0237     0.1126     0.1126     1.0000
   4040.2000    88.4218     1.1400     0.1132     0.1132     1.0000
   4040.2400    91.3908     1.0465     0.1123     0.1123     1.0000
   4040.2800    94.3598     1.1587     0.1138     0.1138     1.0000
   4040.3200    97.3288     1.0255     0.1124     0.1124     1.0000
   4040.3600   100.2977     1.1084     0.1130     0.1130     1.0000
   4040.4000   103.2667     1.1131     0.1128     0.1128     1.0000
   4040.4400   106.2357     0.9806     0.1114     0.1114     1.0000
   4040.4800   109.2046     0.9605     0.1109     0.1109     1.0000
   4040.5200   112.1736     0.9256     0.1107     0.1107     1.0000
   4040.5600   115.1426     1.0682     0.1123     0.1123     1.0000
   4040.6000   118.1116     0.8505     0.1103     0.1103     1.0000
   4040.6400   121.0805     0.9037     0.1095     0.1095     1.0000
   4040.6800   124.0495     0.9264     0.1107     0.1107     1.0000
   4040.7200   127.0185     0.8879     0.1095     0.1095     1.0000
   4040.7600   129.9874     1.1140     0.1116     0.1116     1.0000
   4040.8000   132.9564     0.9593     0.1106     0.1106     1.0000
   4040.8400   135.9254     0.9284     0.1109     0.1109     1.0000
   4040.8800   138.8943     1.0508     0.1113     0.1113     1.0000
   4040.9200   141.8633     1.1735     0.1120     0.1120     1.0000
   4040.9600   144.8323     0.9719     0.1098     0.1098     1.0000
   4041.0000   147.8013     0.9405     0.1099     0.1099     1.0000
   4041.0400   150.7702     1.1044     0.1116     0.1116     1.0000
   4041.0800   153.7392     0.9809     0.1092     0.1092     1.0000
   4041.1200   156.7082     1.0710     0.1097     0.1097     1.0000
   4041.1600   159.6771     1.0668     0.1102     0.1102     1.0000
   4041.2000   162.6461     1.0591     0.1102     0.1102     1.0000
   4041.2400   165.6151     1.0443     0.1095     0.1095     1.0000
   4041.2800   168.5841     1.0631     0.1102     0.1102     1.0000
   4041.3200   171.5530     0.9752     0.1092     0.1092     1.0000
   4041.3600   174.5220     1.1105     0.1091     0.1091     1.0000
   4041.4000   177.4910     1.1379     0.1095     0.1095     1.0000
   4041.4400   180.4599     1.0849     0.1099     0.1099     1.0000
   4041.4800   183.4289     0.8808     0.1086     0.1086     1.0000
   4041.5200   186.3979     0.9366     0.1090     0.1090     1.0000
   4041.5600   189.3668     0.9794     0.1091     0.1091     1.0000
   4041.6000   192.3358     1.0259     0.1090     0.1090     1.0000
   4041.6400   195.3048     1.0802     0.1102     0.1102     1.0000
   4041.6800   198.2738     0.9927     0.1087     0.1087     1.0000
   4041.7200   201.2427     1.0946     0.1101     0.1101     1.0000
   4041.7600   204.2117     1.0459     0.1096     0.1096     1.0000
   4041.8000   207.1807     0.9105     0.1083     0.1083     1.0000
   4041.8400   210.1496     0.8527     0.1077     0.1077     1.0000
   4041.8800   213.1186     0.9832     0.1083     0.1083     1.0000
   4041.9200   216.0876     1.0240     0.1085     0.1085     1.0000
   4041.9600   219.0566     0.9626     0.1082     0.1082     1.0000
   4042.0000   222.0255     1.0314     0.1087     0.1087     1.0000
   4042.0400   224.9945     1.0818     0.1092     0.1092     1.0000
   4042.0800   227.9635     1.0974     0.1094     0.1094     1.0000
   4042.1200   230.9324     0.9668     0.1087     0.1087     1.0000
   4042.1600   233.9014     0.8239     0.1075     0.1075     1.0000
   4042.2000   236.8704     0.9053     0.1079     0.1079     1.0000
   4042.2400   239.8394     1.0918     0.1097     0.1097     1.0000
   4042.2800   242.8083     0.9920     0.1087     0.1087     1.0000
   4042.3200   245.7773     0.9813     0.1084     0.1084     1.0000
   4042.3600   248.7463     1.0761     0.1100     0.1100     1.0000
   4042.4000   251.7152     0.8658     0.1079     0.1079     1.0000
   4042.4400   254.6842     1.0593     0.1088     0.1088     1.0000
   4042.4800   257.6532     1.0000     0.1086     0.1086     1.0000
   4042.5200   260.6221     0.9407     0.1082     0.1082     1.0000
   4042.5600   263.5911     0.9697     0.1087     0.1087     1.0000
   4042.6000   266.5601     0.9857     0.1084     0.1084     1.0000
   4042.6400   269.5291     0.8230     0.1069     0.1069     1.0000
   4042.6800   272.4980     1.0867     0.1094     0.1094     1.0000
   4042.7200   275.4670     1.0827     0.1091     0.1091     1.0000
   4042.7600   278.4360     1.0320     0.1090     0.1090     1.0000
   4042.8000   281.4049     1.0084     0.1089     0.1089     1.0000
   4042.8400   284.3739     0.9552     0.1075     0.1075     1.0000
   4042.8800   287.3429     0.9611     0.1076     0.1076     1.0000
   4042.9200   290.3119     1.0402     0.1089     0.1089     1.0000
   4042.9600   293.2808     1.0100     0.1088     0.1088     1.0000
   4043.0000   296.2498     0.9897     0.1080     0.1080     1.0000
   4043.0400   299.2188     0.9239     0.1069     0.1069     1.0000
   4043.0800   302.1877     0.8324     0.1068     0.1068     1.0000
   4043.1200   305.1567     1.0029     0.1082     0.1082     1.0000
   4043.1600   308.1257     0.8639     0.1070     0.1070     1.0000
   4043.2000   311.0946     1.0619     0.1096     0.1096     1.0000
   4043.2400   314.0636     0.9727     0.1079     0.1079     1.0000
   4043.2800   317.0326     1.0499     0.1085     0.1085     1.0000
   4043.3200   320.0016     0.9064     0.1075     0.1075     1.0000
   4043.3600   322.9705     0.9096     0.1078     0.1078     1.0000
   4043.4000   325.9395     1.0911     0.1088     0.1088     1.0000
   4043.4400   328.9085     0.9543     0.1073     0.1073     1.0000
   4043.4800   331.8774     0.8311     0.1058     0.1058     1.0000
   4043.5200   334.8464     1.0347     0.1070     0.1070     1.0000
   4043.5600   337.8154     1.1653     0.1084     0.1084     1.0000
   4043.6000   340.7844     1.0507     0.1075     0.1075     1.0000
   4043.6400   343.7533     1.2043     0.1086     0.1086     1.0000
   4043.6800   346.7223     1.0589     0.1072     0.1072     1.0000
   4043.7200   349.6913     1.0403     0.1064     0.1064     1.0000
   4043.7600   352.6602     0.9705     0.1060     0.1060     1.0000
   4043.8000   355.6292     0.9531     0.1059     0.1059     1.0000
   4043.8400   358.5982     1.0145     0.1061     0.1061     1.0000
   4043.8800   361.5671     1.0495     0.1061     0.1061     1.0000
   4043.9200   364.5361     0.9933     0.1064     0.1064     1.0000
   4043.9600   367.5051     0.9792     0.1058     0.1058     1.0000
   4044.0000   370.4741     1.0943     0.1064     0.1064     1.0000
   4044.0400   373.4430     1.0721     0.1065     0.1065     1.0000
   4044.0800   376.4120     0.9592     0.1058     0.1058     1.0000
   4044.1200   379.3810     0.8886     0.1048     0.1048     1.0000
   4044.1600   382.3499     0.9090     0.1049     0.1049     1.0000
   4044.2000   385.3189     0.9302     0.1047     0.1047     1.0000
   4044.2400   388.2879     0.9801     0.1055     0.1055     1.0000
   4044.2800   391.2569     1.0445     0.1059     0.1059     1.0000
   4044.3200   394.2258     0.9315     0.1049     0.1049     1.0000
   4044.3600   397.1948     1.1265     0.1068     0.1068     1.0000
   4044.4000   400.1638     1.1167     0.1067     0.1067     1.0000
   4044.4400   403.1327     0.8434     0.1045     0.1045     1.0000
   4044.4800   406.1017     0.9019     0.1039     0.1039     1.0000
   4044.5200   409.0707     1.0603     0.1057     0.1057     1.0000
   4044.5600   412.0396     0.9427     0.1051     0.1051     1.0000
   4044.6000   415.0086     1.0495     0.1058     0.1058     1.0000
   4044.6400   417.9776     1.0333     0.1057     0.1057     1.0000
   4044.6800   420.9466     1.0690     0.1063     0.1063     1.0000
   4044.7200   423.9155     0.9603     0.1046     0.1046     1.0000
   4044.7600   426.8845     0.8795     0.1042     0.1042     1.0000
   4044.8000   429.8535     0.9564     0.1046     0.1046     1.0000
   4044.8400   432.8224     1.0476     0.1053     0.1053     1.0000
   4044.8800   435.7914     1.0615     0.1056     0.1056     1.0000
   4044.9200   438.7604     1.0981     0.1060     0.1060     1.0000
   4044.9600   441.7294     0.9216     0.1038     0.1038     1.0000
   4045.0000   444.6983     0.9673     0.1044     0.1044     1.0000
   4045.0400   447.6673     1.0290     0.1047     0.1047     1.0000
   4045.0800   450.6363     0.9935     0.1044     0.1044     1.0000
   4045.1200   453.6052     1.0145     0.1043     0.1043     1.0000
   4045.1600   456.5742     1.0705     0.1045     0.1045     1.0000
   4045.2000   459.5432     0.9181     0.1032     0.1032     1.0000
   4045.2400   462.5121     1.0722     0.1048     0.1048     1.0000
   4045.2800   465.4811     1.1175     0.1051     0.1051     1.0000
   4045.3200   468.4501     0.9822     0.1037     0.1037     1.0000
   4045.3600   471.4191     0.9056     0.1033     0.1033     1.0000
   4045.4000   474.3880     0.9836     0.1044     0.1044     1.0000
   4045.4400   477.3570     1.1224     0.1060     0.1060     1.0000
   4045.4800   480.3260     1.1070     0.1055     0.1055     1.0000
   4045.5200   483.2949     1.0928     0.1054     0.1054     1.0000
   4045.5600   486.2639     0.9496     0.1036     0.1036     1.0000
   4045.6000   489.2329     1.0446     0.1052     0.1052     1.0000
   4045.6400   492.2019     1.0677     0.1049     0.1049     1.0000
   4045.6800   495.1708     1.0624     0.1044     0.1044     1.0000
   4045.7200   498.1398     0.9620     0.1044     0.1044     1.0000
   4045.7600   501.1088     1.1209     0.1059     0.1059     1.0000
   4045.8000   504.0777     1.0697     0.1049     0.1049     1.0000
   4045.8400   507.0467     0.9767     0.1041     0.1041     1.0000
   4045.8800   510.0157     0.9225     0.1043     0.1043     1.0000
   4045.9200   512.9847     0.9326     0.1041     0.1041     1.0000
   4045.9600   515.9536     1.0068     0.1039     0.1039     1.0000
   4046.0000   518.9226     1.0296     0.1046     0.1046     1.0000
   4046.0400   521.8916     1.0833     0.1047     0.1047     1.0000
   4046.0800   524.8605     0.9982     0.1035     0.1035     1.0000
   4046.1200   527.8295     0.9878     0.1036     0.1036     1.0000
   4046.1600   530.7985     0.9053     0.1037     0.1037     1.0000
   4046.2000   533.7674     0.8450     0.1045     0.1045     1.0000
   4046.2400   536.7364     0.9227     0.1044     0.1044     1.0000
   4046.2800   539.7054     1.0054     0.1036     0.1036     1.0000
   4046.3200   542.6744     1.0916     0.1049     0.1049     1.0000
   4046.3600   545.6433     1.0337     0.1044     0.1044     1.0000
   4046.4000   548.6123     0.9524     0.1029     0.1029     1.0000
   4046.4400   551.5813     1.0279     0.1039     0.1039     1.0000
   4046.4800   554.5502     0.9028     0.1028     0.1028     1.0000
   4046.5200   557.5192     0.9781     0.1032     0.1032     1.0000
   4046.5600   560.4882     1.0344     0.1029     0.1029     1.0000
   4046.6000   563.4572     0.9714     0.1024     0.1024     1.0000
   4046.6400   566.4261     1.0113     0.1028     0.1028     1.0000
   4046.6800   569.3951     1.0746     0.1036     0.1036     1.0000
   4046.7200   572.3641     0.9552     0.1024     0.1024     1.0000
   4046.7600   575.3330     0.9856     0.1031     0.1031     1.0000
   4046.8000   578.3020     0.8378     0.1019     0.1019     1.0000
   4046.8400   581.2710     0.8508     0.1019     0.1019     1.0000
   4046.8800   584.2399     0.9353     0.1019     0.1019     1.0000
   4046.9200   587.2089     0.8936     0.1010     0.1010     1.0000
   4046.9600   590.1779     1.0273     0.1026     0.1026     1.0000
   4047.0000   593.1469     0.8751     0.1017     0.1017     1.0000
   4047.0400   596.1158     1.0555     0.1028     0.1028     1.0000
   4047.0800   599.0848     0.9781     0.1018     0.1018     1.0000
   4047.1200   602.0538     0.9358     0.1012     0.1012     1.0000
   4047.1600   605.0227     1.1255     0.1028     0.1028     1.0000
   4047.2000   607.9917     0.9593     0.1013     0.1013     1.0000
   4047.2400   610.9607     0.8483     0.1009     0.1009     1.0000
   4047.2800   613.9297     0.9121     0.1012     0.1012     1.0000
   4047.3200   616.8986     1.0199     0.1020     0.1020     1.0000
   4047.3600   619.8676     1.1441     0.1032     0.1032     1.0000
   4047.4000   622.8366     1.1309     0.1033     0.1033     1.0000
   4047.4400   625.8055     0.9604     0.1014     0.1014     1.0000
