   4423.2400  -571.2634     1.0029     0.0649     0.0649     1.0000
   4423.2800  -568.5575     1.1117     0.0659     0.0659     1.0000
   4423.3200  -565.8516     0.9327     0.0643     0.0643     1.0000
   4423.3600  -563.1457     0.9301     0.0645     0.0645     1.0000
   4423.4000  -560.4398     1.0367     0.0659     0.0659     1.0000
   4423.4400  -557.7339     0.9327     0.0647     0.0647     1.0000
   4423.4800  -555.0280     0.9056     0.0648     0.0648     1.0000
   4423.5200  -552.3221     1.0217     0.0662     0.0662     1.0000
   4423.5600  -549.6162     1.0542     0.0667     0.0667     1.0000
   4423.6000  -546.9103     0.9990     0.0667     0.0667     1.0000
   4423.6400  -544.2044     1.0413     0.0668     0.0668     1.0000
   4423.6800  -541.4985     1.0399     0.0670     0.0670     1.0000
   4423.7200  -538.7926     0.9977     0.0671     0.0671     1.0000
   4423.7600  -536.0867     0.9476     0.0668     0.0668     1.0000
   4423.8000  -533.3808     0.9627     0.0673     0.0673     1.0000
   4423.8400  -530.6749     0.9947     0.0685     0.0685     1.0000
   4423.8800  -527.9690     1.0099     0.0689     0.0689     1.0000
   4423.9200  -525.2631     1.0190     0.0686     0.0686     1.0000
   4423.9600  -522.5572     1.0590     0.0689     0.0689     1.0000
   4424.0000  -519.8513     1.0875     0.0694     0.0694     1.0000
   4424.0400  -517.1454     1.0866     0.0694     0.0694     1.0000
   4424.0800  -514.4395     1.0841     0.0699     0.0699     1.0000
   4424.1200  -511.7336     1.0102     0.0691     0.0691     1.0000
   4424.1600  -509.0277     1.1139     0.0702     0.0702     1.0000
   4424.2000  -506.3218     0.8988     0.0682     0.0682     1.0000
   4424.2400  -503.6159     1.0425     0.0696     0.0696     1.0000
   4424.2800  -500.9100     0.9930     0.0696     0.0696     1.0000
   4424.3200  -498.2041     0.9958     0.0695     0.0695     1.0000
   4424.3600  -495.4982     0.9829     0.0697     0.0697     1.0000
   4424.4000  -492.7923     1.0425     0.0698     0.0698     1.0000
   4424.4400  -490.0864     1.1058     0.0704     0.0704     1.0000
   4424.4800  -487.3805     0.9312     0.0691     0.0691     1.0000
   4424.5200  -484.6746     0.9477     0.0692     0.0692     1.0000
   4424.5600  -481.9687     1.1045     0.0704     0.0704     1.0000
   4424.6000  -479.2628     1.0334     0.0695     0.0695     1.0000
   4424.6400  -476.5569     0.9727     0.0689     0.0689     1.0000
   4424.6800  -473.8510     0.9311     0.0685     0.0685     1.0000
   4424.7200  -471.1451     0.9272     0.0684     0.0684     1.0000
   4424.7600  -468.4392     1.0874     0.0702     0.0702     1.0000
   4424.8000  -465.7333     1.1109     0.0701     0.0701     1.0000
   4424.8400  -463.0274     1.0199     0.0692     0.0692     1.0000
   4424.8800  -460.3215     0.9919     0.0690     0.0690     1.0000
   4424.9200  -457.6156     0.9725     0.0687     0.0687     1.0000
   4424.9600  -454.9097     0.9553     0.0685     0.0685     1.0000
   4425.0000  -452.2038     1.0507     0.0695     0.0695     1.0000
   4425.0400  -449.4979     0.9581     0.0684     0.0684     1.0000
   4425.0800  -446.7920     0.9375     0.0686     0.0686     1.0000
   4425.1200  -444.0861     0.8516     0.0677     0.0677     1.0000
   4425.1600  -441.3802     0.9442     0.0684     0.0684     1.0000
   4425.2000  -438.6743     1.0974     0.0700     0.0700     1.0000
   4425.2400  -435.9684     0.9998     0.0687     0.0687     1.0000
   4425.2800  -433.2625     0.9906     0.0686     0.0686     1.0000
   4425.3200  -430.5566     0.9302     0.0679     0.0679     1.0000
   4425.3600  -427.8507     0.9650     0.0680     0.0680     1.0000
   4425.4000  -425.1448     0.9740     0.0680     0.0680     1.0000
   4425.4400  -422.4389     1.0953     0.0694     0.0694     1.0000
   4425.4800  -419.7330     0.9772     0.0683     0.0683     1.0000
   4425.5200  -417.0271     0.9659     0.0683     0.0683     1.0000
   4425.5600  -414.3212     0.9658     0.0683     0.0683     1.0000
   4425.6000  -411.6153     0.9869     0.0686     0.0686     1.0000
   4425.6400  -408.9094     1.0300     0.0690     0.0690     1.0000
   4425.6800  -406.2035     1.0739     0.0693     0.0693     1.0000
   4425.7200  -403.4976     0.9505     0.0682     0.0682     1.0000
   4425.7600  -400.7917     1.0179     0.0692     0.0692     1.0000
   4425.8000  -398.0858     1.0573     0.0697     0.0697     1.0000
   4425.8400  -395.3799     1.0731     0.0698     0.0698     1.0000
   4425.8800  -392.6740     0.9920     0.0691     0.0691     1.0000
   4425.9200  -389.9681     0.8671     0.0682     0.0682     1.0000
   4425.9600  -387.2622     0.8827     0.0686     0.0686     1.0000
   4426.0000  -384.5563     0.9597     0.0696     0.0696     1.0000
   4426.0400  -381.8504     1.0062     0.0700     0.0700     1.0000
   4426.0800  -379.1445     0.9202     0.0691     0.0691     1.0000
   4426.1200  -376.4386     0.9640     0.0698     0.0698     1.0000
   4426.1600  -373.7327     0.9655     0.0700     0.0700     1.0000
   4426.2000  -371.0268     0.9506     0.0698     0.0698     1.0000
   4426.2400  -368.3209     1.0751     0.0716     0.0716     1.0000
   4426.2800  -365.6150     0.8667     0.0693     0.0693     1.0000
   4426.3200  -362.9091     1.0252     0.0716     0.0716     1.0000
   4426.3600  -360.2032     1.0950     0.0725     0.0725     1.0000
   4426.4000  -357.4973     1.0372     0.0722     0.0722     1.0000
   4426.4400  -354.7914     0.9669     0.0718     0.0718     1.0000
   4426.4800  -352.0855     0.9692     0.0719     0.0719     1.0000
   4426.5200  -349.3796     0.9012     0.0713     0.0713     1.0000
   4426.5600  -346.6737     0.8785     0.0713     0.0713     1.0000
   4426.6000  -343.9678     1.0520     0.0735     0.0735     1.0000
   4426.6400  -341.2619     1.0805     0.0741     0.0741     1.0000
   4426.6800  -338.5560     0.8748     0.0724     0.0724     1.0000
   4426.7200  -335.8501     0.9814     0.0737     0.0737     1.0000
   4426.7600  -333.1442     1.1442     0.0752     0.0752     1.0000
   4426.8000  -330.4383     1.1077     0.0751     0.0751     1.0000
   4426.8400  -327.7324     1.0109     0.0742     0.0742     1.0000
   4426.8800  -325.0265     1.0632     0.0748     0.0748     1.0000
   4426.9200  -322.3206     0.9829     0.0738     0.0738     1.0000
   4426.9600  -319.6147     1.0266     0.0747     0.0747     1.0000
   4427.0000  -316.9088     0.9850     0.0746     0.0746     1.0000
   4427.0400  -314.2029     1.0056     0.0749     0.0749     1.0000
   4427.0800  -311.4970     0.9503     0.0745     0.0745     1.0000
   4427.1200  -308.7911     1.0025     0.0750     0.0750     1.0000
   4427.1600  -306.0852     1.0445     0.0753     0.0753     1.0000
   4427.2000  -303.3793     1.0068     0.0752     0.0752     1.0000
   4427.2400  -300.6734     1.0270     0.0759     0.0759     1.0000
   4427.2800  -297.9675     1.0562     0.0761     0.0761     1.0000
   4427.3200  -295.2616     1.0329     0.0758     0.0758     1.0000
   4427.3600  -292.5556     0.9868     0.0754     0.0754     1.0000
   4427.4000  -289.8497     1.0256     0.0760     0.0760     1.0000
   4427.4400  -287.1438     0.9602     0.0752     0.0752     1.0000
   4427.4800  -284.4379     0.9865     0.0759     0.0759     1.0000
   4427.5200  -281.7320     1.0075     0.0761     0.0761     1.0000
   4427.5600  -279.0261     0.9964     0.0754     0.0754     1.0000
   4427.6000  -276.3202     1.0591     0.0768     0.0768     1.0000
   4427.6400  -273.6143     1.0900     0.0777     0.0777     1.0000
   4427.6800  -270.9084     1.1168     0.0779     0.0779     1.0000
   4427.7200  -268.2025     0.9816     0.0758     0.0758     1.0000
   4427.7600  -265.4966     1.0687     0.0768     0.0768     1.0000
   4427.8000  -262.7907     1.0137     0.0766     0.0766     1.0000
   4427.8400  -260.0848     1.0015     0.0762     0.0762     1.0000
   4427.8800  -257.3789     1.1075     0.0774     0.0774     1.0000
   4427.9200  -254.6730     0.9686     0.0754     0.0754     1.0000
   4427.9600  -251.9671     1.0948     0.0773     0.0773     1.0000
   4428.0000  -249.2612     1.0304     0.0770     0.0770     1.0000
   4428.0400  -246.5553     0.9949     0.0764     0.0764     1.0000
   4428.0800  -243.8494     0.9327     0.0758     0.0758     1.0000
   4428.1200  -241.1435     0.9239     0.0753     0.0753     1.0000
   4428.1600  -238.4376     0.9645     0.0762     0.0762     1.0000
   4428.2000  -235.7317     1.0302     0.0772     0.0772     1.0000
   4428.2400  -233.0258     1.0103     0.0766     0.0766     1.0000
   4428.2800  -230.3199     1.0404     0.0769     0.0769     1.0000
   4428.3200  -227.6140     1.0446     0.0776     0.0776     1.0000
   4428.3600  -224.9081     0.8771     0.0756     0.0756     1.0000
   4428.4000  -222.2022     0.8982     0.0757     0.0757     1.0000
   4428.4400  -219.4963     0.9260     0.0757     0.0757     1.0000
   4428.4800  -216.7904     0.9698     0.0762     0.0762     1.0000
   4428.5200  -214.0845     1.0419     0.0772     0.0772     1.0000
   4428.5600  -211.3786     0.9871     0.0768     0.0768     1.0000
   4428.6000  -208.6727     0.9683     0.0775     0.0775     1.0000
   4428.6400  -205.9668     0.9379     0.0770     0.0770     1.0000
   4428.6800  -203.2609     0.9609     0.0768     0.0768     1.0000
   4428.7200  -200.5550     0.9682     0.0769     0.0769     1.0000
   4428.7600  -197.8491     0.9681     0.0776     0.0776     1.0000
   4428.8000  -195.1432     0.9852     0.0782     0.0782     1.0000
   4428.8400  -192.4373     1.0002     0.0786     0.0786     1.0000
   4428.8800  -189.7314     0.9043     0.0777     0.0777     1.0000
   4428.9200  -187.0255     0.9172     0.0779     0.0779     1.0000
   4428.9600  -184.3196     1.0239     0.0793     0.0793     1.0000
   4429.0000  -181.6137     0.9361     0.0783     0.0783     1.0000
   4429.0400  -178.9078     1.1328     0.0806     0.0806     1.0000
   4429.0800  -176.2019     1.0607     0.0801     0.0801     1.0000
   4429.1200  -173.4960     0.9511     0.0789     0.0789     1.0000
   4429.1600  -170.7901     0.8785     0.0782     0.0782     1.0000
   4429.2000  -168.0842     1.0223     0.0803     0.0803     1.0000
   4429.2400  -165.3783     0.9471     0.0793     0.0793     1.0000
   4429.2800  -162.6724     0.9843     0.0801     0.0801     1.0000
   4429.3200  -159.9665     1.0316     0.0806     0.0806     1.0000
   4429.3600  -157.2606     0.9966     0.0804     0.0804     1.0000
   4429.4000  -154.5547     0.9828     0.0807     0.0807     1.0000
   4429.4400  -151.8488     0.9606     0.0804     0.0804     1.0000
   4429.4800  -149.1429     1.0156     0.0811     0.0811     1.0000
   4429.5200  -146.4370     0.9723     0.0809     0.0809     1.0000
   4429.5600  -143.7311     0.9412     0.0809     0.0809     1.0000
   4429.6000  -141.0252     1.0150     0.0820     0.0820     1.0000
   4429.6400  -138.3193     0.9500     0.0818     0.0818     1.0000
   4429.6800  -135.6134     1.0897     0.0837     0.0837     1.0000
   4429.7200  -132.9075     1.0476     0.0830     0.0830     1.0000
   4429.7600  -130.2016     1.0226     0.0828     0.0828     1.0000
   4429.8000  -127.4957     1.0551     0.0834     0.0834     1.0000
   4429.8400  -124.7898     0.9703     0.0823     0.0823     1.0000
   4429.8800  -122.0839     1.0311     0.0835     0.0835     1.0000
   4429.9200  -119.3780     1.0306     0.0832     0.0832     1.0000
   4429.9600  -116.6721     1.0290     0.0833     0.0833     1.0000
   4430.0000  -113.9662     0.9473     0.0825     0.0825     1.0000
   4430.0400  -111.2603     0.9567     0.0828     0.0828     1.0000
   4430.0800  -108.5544     1.0210     0.0844     0.0844     1.0000
   4430.1200  -105.8485     0.9844     0.0812     0.0812     1.0000
   4430.1600  -103.1426     0.8972     0.0832     0.0832     1.0000
   4430.2000  -100.4367     1.1035     0.0850     0.0850     1.0000
   4430.2400   -97.7308     1.1081     0.0852     0.0852     1.0000
   4430.2800   -95.0249     1.0268     0.0842     0.0842     1.0000
   4430.3200   -92.3190     0.9994     0.0841     0.0841     1.0000
   4430.3600   -89.6131     1.0733     0.0846     0.0846     1.0000
   4430.4000   -86.9072     0.9041     0.0828     0.0828     1.0000
   4430.4400   -84.2013     1.0954     0.0854     0.0854     1.0000
   4430.4800   -81.4954     1.0751     0.0857     0.0857     1.0000
   4430.5200   -78.7895     0.9976     0.0845     0.0845     1.0000
   4430.5600   -76.0836     1.0165     0.0844     0.0844     1.0000
   4430.6000   -73.3777     0.9998     0.0848     0.0848     1.0000
   4430.6400   -70.6718     0.9477     0.0844     0.0844     1.0000
   4430.6800   -67.9659     1.0182     0.0850     0.0850     1.0000
   4430.7200   -65.2600     0.9879     0.0849     0.0849     1.0000
   4430.7600   -62.5541     1.0794     0.0866     0.0866     1.0000
   4430.8000   -59.8482     0.9763     0.0867     0.0867     1.0000
   4430.8400   -57.1423     0.9595     0.0858     0.0858     1.0000
   4430.8800   -54.4364     0.9024     0.0852     0.0852     1.0000
   4430.9200   -51.7305     1.0265     0.0870     0.0870     1.0000
   4430.9600   -49.0246     0.9683     0.0861     0.0861     1.0000
   4431.0000   -46.3187     0.8093     0.0850     0.0850     1.0000
   4431.0400   -43.6128     1.0339     0.0875     0.0875     1.0000
   4431.0800   -40.9069     0.9288     0.0854     0.0854     1.0000
   4431.1200   -38.2010     1.0951     0.0876     0.0876     1.0000
   4431.1600   -35.4951     0.9509     0.0862     0.0862     1.0000
   4431.2000   -32.7892     1.1219     0.0881     0.0881     1.0000
   4431.2400   -30.0833     1.0665     0.0877     0.0877     1.0000
   4431.2800   -27.3774     0.9817     0.0874     0.0874     1.0000
   4431.3200   -24.6715     0.8710     0.0868     0.0868     1.0000
   4431.3600   -21.9656     0.9230     0.0874     0.0874     1.0000
   4431.4000   -19.2597     1.0466     0.0885     0.0885     1.0000
   4431.4400   -16.5538     1.1349     0.0893     0.0893     1.0000
   4431.4800   -13.8479     1.0059     0.0910     0.0910     1.0000
   4431.5200   -11.1420     0.9324     0.0875     0.0875     1.0000
   4431.5600    -8.4361     0.9608     0.0883     0.0883     1.0000
   4431.6000    -5.7302     0.9989     0.0895     0.0895     1.0000
   4431.6400    -3.0243     1.0226     0.0893     0.0893     1.0000
   4431.6800    -0.3184     0.8937     0.0883     0.0883     1.0000
   4431.7200     2.3875     1.0504     0.0904     0.0904     1.0000
   4431.7600     5.0934     0.9184     0.0888     0.0888     1.0000
   4431.8000     7.7993     0.9830     0.0879     0.0879     1.0000
   4431.8400    10.5052     1.0049     0.0909     0.0909     1.0000
   4431.8800    13.2111     1.1608     0.0924     0.0924     1.0000
   4431.9200    15.9170     1.0848     0.0916     0.0916     1.0000
   4431.9600    18.6229     0.9807     0.0909     0.0909     1.0000
   4432.0000    21.3288     1.0532     0.0917     0.0917     1.0000
   4432.0400    24.0347     0.8774     0.0899     0.0899     1.0000
   4432.0800    26.7406     0.9685     0.0915     0.0915     1.0000
   4432.1200    29.4465     0.8319     0.0901     0.0901     1.0000
   4432.1600    32.1524     1.0104     0.0918     0.0918     1.0000
   4432.2000    34.8583     1.1723     0.0943     0.0943     1.0000
   4432.2400    37.5642     1.1308     0.0942     0.0942     1.0000
   4432.2800    40.2701     0.9943     0.0926     0.0926     1.0000
   4432.3200    42.9760     0.9616     0.0920     0.0920     1.0000
   4432.3600    45.6819     1.0430     0.0931     0.0931     1.0000
   4432.4000    48.3878     0.9917     0.0932     0.0932     1.0000
   4432.4400    51.0937     1.0642     0.0939     0.0939     1.0000
   4432.4800    53.7996     1.0712     0.0942     0.0942     1.0000
   4432.5200    56.5055     1.1213     0.0952     0.0952     1.0000
   4432.5600    59.2114     1.0884     0.0943     0.0943     1.0000
   4432.6000    61.9173     1.0511     0.0944     0.0944     1.0000
   4432.6400    64.6232     0.9420     0.0932     0.0932     1.0000
   4432.6800    67.3291     0.9899     0.0948     0.0948     1.0000
   4432.7200    70.0350     0.9357     0.0939     0.0939     1.0000
   4432.7600    72.7409     1.0334     0.0951     0.0951     1.0000
   4432.8000    75.4468     0.8943     0.0934     0.0934     1.0000
   4432.8400    78.1527     0.9262     0.0941     0.0941     1.0000
   4432.8800    80.8586     0.9721     0.0940     0.0940     1.0000
   4432.9200    83.5645     0.9982     0.0948     0.0948     1.0000
   4432.9600    86.2704     1.0162     0.0950     0.0950     1.0000
   4433.0000    88.9763     0.9842     0.0952     0.0952     1.0000
   4433.0400    91.6822     1.0375     0.0959     0.0959     1.0000
   4433.0800    94.3881     1.0469     0.0959     0.0959     1.0000
   4433.1200    97.0940     0.9482     0.0952     0.0952     1.0000
   4433.1600    99.7999     0.9848     0.0962     0.0962     1.0000
   4433.2000   102.5058     0.8951     0.0946     0.0946     1.0000
   4433.2400   105.2117     1.0007     0.0962     0.0962     1.0000
   4433.2800   107.9176     1.0290     0.0970     0.0970     1.0000
   4433.3200   110.6235     0.9235     0.0959     0.0959     1.0000
   4433.3600   113.3294     0.9670     0.0961     0.0961     1.0000
   4433.4000   116.0353     0.9851     0.0966     0.0966     1.0000
   4433.4400   118.7412     1.0144     0.0980     0.0980     1.0000
   4433.4800   121.4471     0.9199     0.0983     0.0983     1.0000
   4433.5200   124.1530     0.9819     0.0988     0.0988     1.0000
   4433.5600   126.8589     0.9388     0.0982     0.0982     1.0000
   4433.6000   129.5648     0.9537     0.0982     0.0982     1.0000
   4433.6400   132.2707     1.0564     0.0993     0.0993     1.0000
   4433.6800   134.9766     1.0370     0.0999     0.0999     1.0000
   4433.7200   137.6825     1.0794     0.1011     0.1011     1.0000
   4433.7600   140.3884     0.8460     0.0986     0.0986     1.0000
   4433.8000   143.0943     1.0058     0.1010     0.1010     1.0000
   4433.8400   145.8002     1.1106     0.1030     0.1030     1.0000
   4433.8800   148.5061     0.9618     0.1016     0.1016     1.0000
   4433.9200   151.2120     1.0830     0.1030     0.1030     1.0000
   4433.9600   153.9180     0.9968     0.1015     0.1015     1.0000
   4434.0000   156.6239     1.0424     0.1021     0.1021     1.0000
   4434.0400   159.3298     0.9857     0.1023     0.1023     1.0000
   4434.0800   162.0357     1.1004     0.1041     0.1041     1.0000
   4434.1200   164.7416     0.8757     0.1018     0.1018     1.0000
   4434.1600   167.4475     1.0638     0.1042     0.1042     1.0000
   4434.2000   170.1534     0.8808     0.1026     0.1026     1.0000
   4434.2400   172.8593     0.9980     0.1043     0.1043     1.0000
   4434.2800   175.5652     0.9865     0.1046     0.1046     1.0000
   4434.3200   178.2711     0.9588     0.1053     0.1053     1.0000
   4434.3600   180.9770     1.0109     0.1057     0.1057     1.0000
   4434.4000   183.6829     1.0107     0.1057     0.1057     1.0000
   4434.4400   186.3888     1.0074     0.1061     0.1061     1.0000
   4434.4800   189.0947     0.9789     0.1063     0.1063     1.0000
   4434.5200   191.8006     0.9940     0.1067     0.1067     1.0000
   4434.5600   194.5065     0.9453     0.1066     0.1066     1.0000
   4434.6000   197.2124     0.9817     0.1075     0.1075     1.0000
   4434.6400   199.9183     1.0409     0.1084     0.1084     1.0000
   4434.6800   202.6242     0.9553     0.1077     0.1077     1.0000
   4434.7200   205.3301     1.0694     0.1088     0.1088     1.0000
   4434.7600   208.0360     1.0542     0.1093     0.1093     1.0000
   4434.8000   210.7419     1.1141     0.1106     0.1106     1.0000
   4434.8400   213.4478     1.0235     0.1097     0.1097     1.0000
   4434.8800   216.1537     0.9712     0.1096     0.1096     1.0000
   4434.9200   218.8596     1.0942     0.1112     0.1112     1.0000
   4434.9600   221.5655     1.0142     0.1107     0.1107     1.0000
   4435.0000   224.2714     1.1356     0.1125     0.1125     1.0000
   4435.0400   226.9773     1.0089     0.1104     0.1104     1.0000
   4435.0800   229.6832     0.9989     0.0652     0.0652     1.0000
   4435.1200   232.3891     0.9647     0.0643     0.0643     1.0000
   4435.1600   235.0950     0.9834     0.0631     0.0631     1.0000
   4435.2000   237.8009     0.9431     0.0628     0.0628     1.0000
   4435.2400   240.5068     0.9951     0.0636     0.0636     1.0000
   4435.2800   243.2127     1.0915     0.0640     0.0640     1.0000
   4435.3200   245.9186     1.0892     0.0640     0.0640     1.0000
   4435.3600   248.6245     0.9563     0.0631     0.0631     1.0000
   4435.4000   251.3304     0.9464     0.0634     0.0634     1.0000
   4435.4400   254.0363     0.9718     0.0635     0.0635     1.0000
   4435.4800   256.7422     1.0001     0.0634     0.0634     1.0000
   4435.5200   259.4481     1.0101     0.0636     0.0636     1.0000
   4435.5600   262.1540     0.9737     0.0635     0.0635     1.0000
   4435.6000   264.8599     1.0528     0.0641     0.0641     1.0000
   4435.6400   267.5658     1.0398     0.0641     0.0641     1.0000
   4435.6800   270.2717     0.9964     0.0641     0.0641     1.0000
   4435.7200   272.9776     0.9732     0.0638     0.0638     1.0000
   4435.7600   275.6835     0.9455     0.0630     0.0630     1.0000
   4435.8000   278.3894     1.0554     0.0639     0.0639     1.0000
   4435.8400   281.0953     1.0364     0.0636     0.0636     1.0000
   4435.8800   283.8012     1.0052     0.0630     0.0630     1.0000
   4435.9200   286.5071     0.9494     0.0627     0.0627     1.0000
   4435.9600   289.2130     1.0671     0.0636     0.0636     1.0000
   4436.0000   291.9189     1.0168     0.0629     0.0629     1.0000
   4436.0400   294.6248     0.9231     0.0626     0.0626     1.0000
   4436.0800   297.3307     0.8467     0.0621     0.0621     1.0000
   4436.1200   300.0366     0.9883     0.0628     0.0628     1.0000
   4436.1600   302.7425     1.0232     0.0630     0.0630     1.0000
   4436.2000   305.4484     0.9992     0.0628     0.0628     1.0000
   4436.2400   308.1543     0.9642     0.0623     0.0623     1.0000
   4436.2800   310.8602     1.0166     0.0628     0.0628     1.0000
   4436.3200   313.5661     0.9082     0.0616     0.0616     1.0000
   4436.3600   316.2720     1.0402     0.0627     0.0627     1.0000
   4436.4000   318.9779     1.0826     0.0632     0.0632     1.0000
   4436.4400   321.6838     0.9516     0.0619     0.0619     1.0000
   4436.4800   324.3897     0.9666     0.0621     0.0621     1.0000
   4436.5200   327.0956     1.0425     0.0626     0.0626     1.0000
   4436.5600   329.8015     1.1006     0.0629     0.0629     1.0000
   4436.6000   332.5074     1.0170     0.0621     0.0621     1.0000
   4436.6400   335.2133     1.0127     0.0623     0.0623     1.0000
   4436.6800   337.9192     0.9851     0.0621     0.0621     1.0000
   4436.7200   340.6251     1.0208     0.0625     0.0625     1.0000
   4436.7600   343.3310     1.0072     0.0622     0.0622     1.0000
   4436.8000   346.0369     0.9739     0.0621     0.0621     1.0000
   4436.8400   348.7428     0.9806     0.0620     0.0620     1.0000
   4436.8800   351.4487     0.9948     0.0620     0.0620     1.0000
   4436.9200   354.1546     0.9947     0.0621     0.0621     1.0000
   4436.9600   356.8605     1.0701     0.0624     0.0624     1.0000
   4437.0000   359.5664     1.0103     0.0616     0.0616     1.0000
   4437.0400   362.2723     1.0257     0.0619     0.0619     1.0000
   4437.0800   364.9782     0.9442     0.0613     0.0613     1.0000
   4437.1200   367.6841     0.9739     0.0615     0.0615     1.0000
   4437.1600   370.3900     0.9739     0.0618     0.0618     1.0000
   4437.2000   373.0959     0.9202     0.0612     0.0612     1.0000
   4437.2400   375.8018     0.9856     0.0619     0.0619     1.0000
   4437.2800   378.5077     0.9603     0.0615     0.0615     1.0000
   4437.3200   381.2136     1.0562     0.0621     0.0621     1.0000
   4437.3600   383.9195     0.9891     0.0617     0.0617     1.0000
   4437.4000   386.6254     1.0147     0.0618     0.0618     1.0000
   4437.4400   389.3313     1.0665     0.0621     0.0621     1.0000
   4437.4800   392.0372     1.0322     0.0618     0.0618     1.0000
   4437.5200   394.7431     0.9791     0.0614     0.0614     1.0000
   4437.5600   397.4490     1.0533     0.0619     0.0619     1.0000
   4437.6000   400.1549     0.9630     0.0613     0.0613     1.0000
   4437.6400   402.8608     0.9413     0.0610     0.0610     1.0000
   4437.6800   405.5667     1.0101     0.0612     0.0612     1.0000
   4437.7200   408.2726     0.9914     0.0613     0.0613     1.0000
   4437.7600   410.9785     1.1051     0.0620     0.0620     1.0000
   4437.8000   413.6844     1.0065     0.0613     0.0613     1.0000
   4437.8400   416.3903     1.0301     0.0607     0.0607     1.0000
   4437.8800   419.0962     1.0261     0.0581     0.0581     1.0000
   4437.9200   421.8021     0.9808     0.0648     0.0648     1.0000
   4437.9600   424.5080     0.9840     0.0609     0.0609     1.0000
   4438.0000   427.2139     1.0357     0.0616     0.0616     1.0000
   4438.0400   429.9198     0.9915     0.0612     0.0612     1.0000
   4438.0800   432.6257     1.0146     0.0610     0.0610     1.0000
   4438.1200   435.3316     0.9871     0.0605     0.0605     1.0000
   4438.1600   438.0375     1.0056     0.0609     0.0609     1.0000
   4438.2000   440.7434     1.0184     0.0609     0.0609     1.0000
   4438.2400   443.4493     0.9882     0.0607     0.0607     1.0000
   4438.2800   446.1552     1.0288     0.0608     0.0608     1.0000
   4438.3200   448.8611     0.9461     0.0599     0.0599     1.0000
   4438.3600   451.5670     0.9494     0.0600     0.0600     1.0000
   4438.4000   454.2729     0.9496     0.0598     0.0598     1.0000
   4438.4400   456.9788     0.9710     0.0602     0.0602     1.0000
   4438.4800   459.6847     0.9867     0.0602     0.0602     1.0000
   4438.5200   462.3906     0.9942     0.0604     0.0604     1.0000
   4438.5600   465.0965     1.0043     0.0604     0.0604     1.0000
   4438.6000   467.8024     1.0068     0.0604     0.0604     1.0000
   4438.6400   470.5083     0.9912     0.0607     0.0607     1.0000
   4438.6800   473.2142     0.9926     0.0606     0.0606     1.0000
   4438.7200   475.9201     1.0031     0.0606     0.0606     1.0000
   4438.7600   478.6260     1.0034     0.0604     0.0604     1.0000
   4438.8000   481.3319     0.9536     0.0598     0.0598     1.0000
   4438.8400   484.0378     0.9082     0.0594     0.0594     1.0000
   4438.8800   486.7437     0.9550     0.0597     0.0597     1.0000
   4438.9200   489.4496     1.0363     0.0603     0.0603     1.0000
   4438.9600   492.1555     0.9830     0.0597     0.0597     1.0000
   4439.0000   494.8614     0.9832     0.0597     0.0597     1.0000
   4439.0400   497.5673     1.0264     0.0599     0.0599     1.0000
   4439.0800   500.2732     0.9250     0.0593     0.0593     1.0000
   4439.1200   502.9791     0.9732     0.0597     0.0597     1.0000
   4439.1600   505.6850     1.0053     0.0601     0.0601     1.0000
   4439.2000   508.3909     0.9657     0.0595     0.0595     1.0000
   4439.2400   511.0968     0.9877     0.0596     0.0596     1.0000
   4439.2800   513.8027     1.0312     0.0600     0.0600     1.0000
   4439.3200   516.5086     1.0552     0.0604     0.0604     1.0000
   4439.3600   519.2145     0.9524     0.0592     0.0592     1.0000
   4439.4000   521.9204     1.0802     0.0603     0.0603     1.0000
   4439.4400   524.6263     1.1060     0.0605     0.0605     1.0000
   4439.4800   527.3322     1.0566     0.0603     0.0603     1.0000
   4439.5200   530.0381     1.0368     0.0600     0.0600     1.0000
   4439.5600   532.7440     1.1617     0.0612     0.0612     1.0000
   4439.6000   535.4499     1.0650     0.0600     0.0600     1.0000
   4439.6400   538.1558     0.9741     0.0592     0.0592     1.0000
   4439.6800   540.8617     1.0133     0.0598     0.0598     1.0000
   4439.7200   543.5676     0.9978     0.0593     0.0593     1.0000
   4439.7600   546.2735     0.9654     0.0592     0.0592     1.0000
   4439.8000   548.9794     1.0070     0.0595     0.0595     1.0000
   4439.8400   551.6853     0.9760     0.0589     0.0589     1.0000
   4439.8800   554.3912     0.9558     0.0585     0.0585     1.0000
   4439.9200   557.0971     0.9978     0.0593     0.0593     1.0000
   4439.9600   559.8030     0.9951     0.0597     0.0597     1.0000
   4440.0000   562.5089     0.9213     0.0590     0.0590     1.0000
   4440.0400   565.2148     1.0215     0.0598     0.0598     1.0000
   4440.0800   567.9207     0.9447     0.0591     0.0591     1.0000
   4440.1200   570.6266     1.0695     0.0603     0.0603     1.0000
   4440.1600   573.3325     0.8954     0.0588     0.0588     1.0000
   4440.2000   576.0384     0.9098     0.0587     0.0587     1.0000
   4440.2400   578.7443     0.9545     0.0591     0.0591     1.0000
   4440.2800   581.4502     0.9957     0.0597     0.0597     1.0000
   4440.3200   584.1561     1.0080     0.0596     0.0596     1.0000
   4440.3600   586.8620     1.0484     0.0601     0.0601     1.0000
   4440.4000   589.5679     1.0097     0.0598     0.0598     1.0000
   4440.4400   592.2738     1.1218     0.0659     0.0659     1.0000
   4440.4800   594.9797     1.0333     0.0647     0.0647     1.0000
   4440.5200   597.6856     0.9741     0.0642     0.0642     1.0000
   4440.5600   600.3916     0.9877     0.0648     0.0648     1.0000
   4440.6000   603.0975     0.8879     0.0636     0.0636     1.0000
   4440.6400   605.8034     1.0095     0.0646     0.0646     1.0000
   4440.6800   608.5093     1.0165     0.0643     0.0643     1.0000
   4440.7200   611.2152     1.0320     0.0643     0.0643     1.0000
   4440.7600   613.9211     0.9791     0.0641     0.0641     1.0000
   4440.8000   616.6270     1.1130     0.0655     0.0655     1.0000
   4440.8400   619.3329     1.0762     0.0654     0.0654     1.0000
   4440.8800   622.0388     0.9796     0.0639     0.0639     1.0000
   4440.9200   624.7447     0.9834     0.0638     0.0638     1.0000
