   4335.4800  -570.4810     0.9935     0.0688     0.0688     1.0000
   4335.5200  -567.7203     1.0610     0.0690     0.0690     1.0000
   4335.5600  -564.9596     1.0720     0.0689     0.0689     1.0000
   4335.6000  -562.1990     1.0045     0.0684     0.0684     1.0000
   4335.6400  -559.4383     1.0143     0.0684     0.0684     1.0000
   4335.6800  -556.6776     0.9066     0.0673     0.0673     1.0000
   4335.7200  -553.9169     1.0078     0.0685     0.0685     1.0000
   4335.7600  -551.1562     1.0521     0.0689     0.0689     1.0000
   4335.8000  -548.3956     0.9846     0.0681     0.0681     1.0000
   4335.8400  -545.6349     0.9834     0.0676     0.0676     1.0000
   4335.8800  -542.8742     1.0523     0.0685     0.0685     1.0000
   4335.9200  -540.1135     0.9547     0.0673     0.0673     1.0000
   4335.9600  -537.3528     1.0366     0.0681     0.0681     1.0000
   4336.0000  -534.5922     0.9915     0.0678     0.0678     1.0000
   4336.0400  -531.8315     0.9719     0.0675     0.0675     1.0000
   4336.0800  -529.0708     0.9921     0.0676     0.0676     1.0000
   4336.1200  -526.3101     1.0069     0.0681     0.0681     1.0000
   4336.1600  -523.5494     1.0488     0.0688     0.0688     1.0000
   4336.2000  -520.7887     0.9026     0.0666     0.0666     1.0000
   4336.2400  -518.0281     0.9204     0.0665     0.0665     1.0000
   4336.2800  -515.2674     1.0550     0.0680     0.0680     1.0000
   4336.3200  -512.5067     1.0354     0.0676     0.0676     1.0000
   4336.3600  -509.7460     0.9914     0.0675     0.0675     1.0000
   4336.4000  -506.9853     0.9858     0.0675     0.0675     1.0000
   4336.4400  -504.2247     0.8773     0.0662     0.0662     1.0000
   4336.4800  -501.4640     0.9692     0.0674     0.0674     1.0000
   4336.5200  -498.7033     1.0073     0.0677     0.0677     1.0000
   4336.5600  -495.9426     1.1274     0.0686     0.0686     1.0000
   4336.6000  -493.1819     1.0417     0.0674     0.0674     1.0000
   4336.6400  -490.4212     0.9858     0.0675     0.0675     1.0000
   4336.6800  -487.6606     0.9393     0.0668     0.0668     1.0000
   4336.7200  -484.8999     0.8869     0.0660     0.0660     1.0000
   4336.7600  -482.1392     0.9207     0.0664     0.0664     1.0000
   4336.8000  -479.3785     1.0140     0.0672     0.0672     1.0000
   4336.8400  -476.6178     0.9893     0.0669     0.0669     1.0000
   4336.8800  -473.8572     1.0372     0.0677     0.0677     1.0000
   4336.9200  -471.0965     0.9894     0.0671     0.0671     1.0000
   4336.9600  -468.3358     0.9476     0.0662     0.0662     1.0000
   4337.0000  -465.5751     1.0725     0.0677     0.0677     1.0000
   4337.0400  -462.8144     1.0607     0.0676     0.0676     1.0000
   4337.0800  -460.0538     0.9899     0.0667     0.0667     1.0000
   4337.1200  -457.2931     0.9785     0.0668     0.0668     1.0000
   4337.1600  -454.5324     0.9481     0.0666     0.0666     1.0000
   4337.2000  -451.7717     0.9724     0.0672     0.0672     1.0000
   4337.2400  -449.0110     1.0531     0.0679     0.0679     1.0000
   4337.2800  -446.2503     0.9959     0.0673     0.0673     1.0000
   4337.3200  -443.4897     1.0060     0.0671     0.0671     1.0000
   4337.3600  -440.7290     1.0249     0.0675     0.0675     1.0000
   4337.4000  -437.9683     1.0163     0.0671     0.0671     1.0000
   4337.4400  -435.2076     0.9999     0.0672     0.0672     1.0000
   4337.4800  -432.4469     0.9364     0.0668     0.0668     1.0000
   4337.5200  -429.6863     1.0031     0.0673     0.0673     1.0000
   4337.5600  -426.9256     0.8853     0.0658     0.0658     1.0000
   4337.6000  -424.1649     0.9323     0.0661     0.0661     1.0000
   4337.6400  -421.4042     0.9987     0.0671     0.0671     1.0000
   4337.6800  -418.6435     1.0007     0.0669     0.0669     1.0000
   4337.7200  -415.8829     1.0426     0.0674     0.0674     1.0000
   4337.7600  -413.1222     0.9902     0.0668     0.0668     1.0000
   4337.8000  -410.3615     1.0260     0.0671     0.0671     1.0000
   4337.8400  -407.6008     1.1105     0.0678     0.0678     1.0000
   4337.8800  -404.8401     1.0267     0.0669     0.0669     1.0000
   4337.9200  -402.0794     1.0120     0.0663     0.0663     1.0000
   4337.9600  -399.3188     1.1113     0.0675     0.0675     1.0000
   4338.0000  -396.5581     1.0771     0.0671     0.0671     1.0000
   4338.0400  -393.7974     0.9742     0.0662     0.0662     1.0000
   4338.0800  -391.0367     1.0047     0.0665     0.0665     1.0000
   4338.1200  -388.2760     0.8646     0.0642     0.0642     1.0000
   4338.1600  -385.5154     0.9822     0.0659     0.0659     1.0000
   4338.2000  -382.7547     0.9602     0.0655     0.0655     1.0000
   4338.2400  -379.9940     0.9690     0.0656     0.0656     1.0000
   4338.2800  -377.2333     0.9845     0.0658     0.0658     1.0000
   4338.3200  -374.4726     0.9860     0.0662     0.0662     1.0000
   4338.3600  -371.7119     0.8905     0.0648     0.0648     1.0000
   4338.4000  -368.9513     0.9687     0.0656     0.0656     1.0000
   4338.4400  -366.1906     0.9870     0.0655     0.0655     1.0000
   4338.4800  -363.4299     0.9441     0.0653     0.0653     1.0000
   4338.5200  -360.6692     1.0094     0.0662     0.0662     1.0000
   4338.5600  -357.9085     1.0591     0.0666     0.0666     1.0000
   4338.6000  -355.1479     0.9608     0.0652     0.0652     1.0000
   4338.6400  -352.3872     1.0472     0.0662     0.0662     1.0000
   4338.6800  -349.6265     1.0672     0.0664     0.0664     1.0000
   4338.7200  -346.8658     1.0504     0.0661     0.0661     1.0000
   4338.7600  -344.1051     1.0225     0.0658     0.0658     1.0000
   4338.8000  -341.3445     1.0188     0.0656     0.0656     1.0000
   4338.8400  -338.5838     1.0728     0.0660     0.0660     1.0000
   4338.8800  -335.8231     1.1180     0.0665     0.0665     1.0000
   4338.9200  -333.0624     1.0869     0.0662     0.0662     1.0000
   4338.9600  -330.3017     0.9399     0.0646     0.0646     1.0000
   4339.0000  -327.5410     0.9594     0.0650     0.0650     1.0000
   4339.0400  -324.7804     1.0426     0.0657     0.0657     1.0000
   4339.0800  -322.0197     1.0083     0.0659     0.0659     1.0000
   4339.1200  -319.2590     0.9896     0.0654     0.0654     1.0000
   4339.1600  -316.4983     0.9479     0.0652     0.0652     1.0000
   4339.2000  -313.7376     1.0265     0.0660     0.0660     1.0000
   4339.2400  -310.9770     1.0242     0.0657     0.0657     1.0000
   4339.2800  -308.2163     0.9982     0.0654     0.0654     1.0000
   4339.3200  -305.4556     1.0693     0.0664     0.0664     1.0000
   4339.3600  -302.6949     0.9609     0.0653     0.0653     1.0000
   4339.4000  -299.9342     0.9954     0.0657     0.0657     1.0000
   4339.4400  -297.1735     0.9983     0.0652     0.0652     1.0000
   4339.4800  -294.4129     1.0386     0.0652     0.0652     1.0000
   4339.5200  -291.6522     0.9831     0.0645     0.0645     1.0000
   4339.5600  -288.8915     1.0331     0.0655     0.0655     1.0000
   4339.6000  -286.1308     0.9491     0.0645     0.0645     1.0000
   4339.6400  -283.3701     0.9647     0.0646     0.0646     1.0000
   4339.6800  -280.6095     0.9966     0.0649     0.0649     1.0000
   4339.7200  -277.8488     0.9713     0.0647     0.0647     1.0000
   4339.7600  -275.0881     0.8827     0.0636     0.0636     1.0000
   4339.8000  -272.3274     0.9772     0.0652     0.0652     1.0000
   4339.8400  -269.5667     0.8942     0.0642     0.0642     1.0000
   4339.8800  -266.8061     0.9786     0.0648     0.0648     1.0000
   4339.9200  -264.0454     1.0058     0.0648     0.0648     1.0000
   4339.9600  -261.2847     1.1141     0.0660     0.0660     1.0000
   4340.0000  -258.5240     0.9890     0.0646     0.0646     1.0000
   4340.0400  -255.7633     0.9848     0.0645     0.0645     1.0000
   4340.0800  -253.0026     1.0158     0.0648     0.0648     1.0000
   4340.1200  -250.2420     0.9823     0.0645     0.0645     1.0000
   4340.1600  -247.4813     0.9420     0.0640     0.0640     1.0000
   4340.2000  -244.7206     1.0628     0.0655     0.0655     1.0000
   4340.2400  -241.9599     1.0080     0.0649     0.0649     1.0000
   4340.2800  -239.1992     0.9782     0.0644     0.0644     1.0000
   4340.3200  -236.4386     0.9460     0.0640     0.0640     1.0000
   4340.3600  -233.6779     0.9475     0.0641     0.0641     1.0000
   4340.4000  -230.9172     0.9321     0.0642     0.0642     1.0000
   4340.4400  -228.1565     1.0850     0.0662     0.0662     1.0000
   4340.4800  -225.3958     1.1015     0.0661     0.0661     1.0000
   4340.5200  -222.6352     0.9808     0.0647     0.0647     1.0000
   4340.5600  -219.8745     0.9008     0.0637     0.0637     1.0000
   4340.6000  -217.1138     1.0103     0.0649     0.0649     1.0000
   4340.6400  -214.3531     1.0767     0.0655     0.0655     1.0000
   4340.6800  -211.5924     1.0842     0.0659     0.0659     1.0000
   4340.7200  -208.8317     0.9638     0.0645     0.0645     1.0000
   4340.7600  -206.0711     0.9314     0.0640     0.0640     1.0000
   4340.8000  -203.3104     1.0219     0.0647     0.0647     1.0000
   4340.8400  -200.5497     1.0701     0.0653     0.0653     1.0000
   4340.8800  -197.7890     1.0144     0.0644     0.0644     1.0000
   4340.9200  -195.0283     0.9312     0.0637     0.0637     1.0000
   4340.9600  -192.2677     0.9657     0.0640     0.0640     1.0000
   4341.0000  -189.5070     1.0201     0.0648     0.0648     1.0000
   4341.0400  -186.7463     1.0139     0.0644     0.0644     1.0000
   4341.0800  -183.9856     0.9817     0.0638     0.0638     1.0000
   4341.1200  -181.2249     1.0175     0.0644     0.0644     1.0000
   4341.1600  -178.4642     1.0631     0.0649     0.0649     1.0000
   4341.2000  -175.7036     0.9731     0.0639     0.0639     1.0000
   4341.2400  -172.9429     1.0334     0.0643     0.0643     1.0000
   4341.2800  -170.1822     1.0532     0.0647     0.0647     1.0000
   4341.3200  -167.4215     0.9512     0.0634     0.0634     1.0000
   4341.3600  -164.6608     0.9594     0.0636     0.0636     1.0000
   4341.4000  -161.9002     0.9962     0.0640     0.0640     1.0000
   4341.4400  -159.1395     0.9876     0.0639     0.0639     1.0000
   4341.4800  -156.3788     1.0174     0.0642     0.0642     1.0000
   4341.5200  -153.6181     1.0745     0.0644     0.0644     1.0000
   4341.5600  -150.8574     1.0701     0.0643     0.0643     1.0000
   4341.6000  -148.0968     0.9916     0.0634     0.0634     1.0000
   4341.6400  -145.3361     1.0792     0.0641     0.0641     1.0000
   4341.6800  -142.5754     1.0186     0.0636     0.0636     1.0000
   4341.7200  -139.8147     0.9649     0.0631     0.0631     1.0000
   4341.7600  -137.0540     1.0072     0.0637     0.0637     1.0000
   4341.8000  -134.2933     0.9792     0.0633     0.0633     1.0000
   4341.8400  -131.5327     0.9563     0.0627     0.0627     1.0000
   4341.8800  -128.7720     0.9533     0.0627     0.0627     1.0000
   4341.9200  -126.0113     0.9835     0.0631     0.0631     1.0000
   4341.9600  -123.2506     1.0097     0.0632     0.0632     1.0000
   4342.0000  -120.4899     1.0521     0.0634     0.0634     1.0000
   4342.0400  -117.7293     0.9955     0.0631     0.0631     1.0000
   4342.0800  -114.9686     1.0734     0.0642     0.0642     1.0000
   4342.1200  -112.2079     1.0004     0.0634     0.0634     1.0000
   4342.1600  -109.4472     0.9468     0.0628     0.0628     1.0000
   4342.2000  -106.6865     0.9553     0.0628     0.0628     1.0000
   4342.2400  -103.9258     1.0501     0.0639     0.0639     1.0000
   4342.2800  -101.1652     0.9131     0.0622     0.0622     1.0000
   4342.3200   -98.4045     1.0383     0.0640     0.0640     1.0000
   4342.3600   -95.6438     0.8611     0.0617     0.0617     1.0000
   4342.4000   -92.8831     0.8749     0.0620     0.0620     1.0000
   4342.4400   -90.1224     0.9451     0.0626     0.0626     1.0000
   4342.4800   -87.3618     0.8671     0.0615     0.0615     1.0000
   4342.5200   -84.6011     0.6585     0.0589     0.0589     1.0000
   4342.5600   -81.8404     0.3268     0.0556     0.0556     1.0000
   4342.6000   -79.0797     0.2482     0.0550     0.0550     1.0000
   4342.6400   -76.3190     0.5210     0.0574     0.0574     1.0000
   4342.6800   -73.5584     0.7479     0.0602     0.0602     1.0000
   4342.7200   -70.7977     0.9111     0.0619     0.0619     1.0000
   4342.7600   -68.0370     0.9132     0.0620     0.0620     1.0000
   4342.8000   -65.2763     0.8234     0.0611     0.0611     1.0000
   4342.8400   -62.5156     0.8209     0.0612     0.0612     1.0000
   4342.8800   -59.7549     0.7683     0.0604     0.0604     1.0000
   4342.9200   -56.9943     0.6630     0.0589     0.0589     1.0000
   4342.9600   -54.2336     0.4068     0.0557     0.0557     1.0000
   4343.0000   -51.4729     0.0995     0.0565     0.0565     1.0000
   4343.0400   -48.7122     0.1275     0.0557     0.0557     1.0000
   4343.0800   -45.9515     0.2299     0.0548     0.0548     1.0000
   4343.1200   -43.1909     0.4527     0.0562     0.0562     1.0000
   4343.1600   -40.4302     0.6667     0.0587     0.0587     1.0000
   4343.2000   -37.6695     0.8011     0.0604     0.0604     1.0000
   4343.2400   -34.9088     0.9767     0.0631     0.0631     1.0000
   4343.2800   -32.1481     0.9009     0.0618     0.0618     1.0000
   4343.3200   -29.3875     1.0028     0.0628     0.0628     1.0000
   4343.3600   -26.6268     0.9813     0.0626     0.0626     1.0000
   4343.4000   -23.8661     0.9198     0.0620     0.0620     1.0000
   4343.4400   -21.1054     0.9969     0.0628     0.0628     1.0000
   4343.4800   -18.3447     0.8793     0.0611     0.0611     1.0000
   4343.5200   -15.5840     0.7959     0.0600     0.0600     1.0000
   4343.5600   -12.8234     0.6191     0.0581     0.0581     1.0000
   4343.6000   -10.0627     0.3027     0.0552     0.0552     1.0000
   4343.6400    -7.3020     0.2097     0.0548     0.0548     1.0000
   4343.6800    -4.5413     0.2547     0.0547     0.0547     1.0000
   4343.7200    -1.7806     0.2365     0.0547     0.0547     1.0000
   4343.7600     0.9800     0.2004     0.0543     0.0543     1.0000
   4343.8000     3.7407     0.0892     0.0562     0.0562     1.0000
   4343.8400     6.5014     0.0844     0.0563     0.0563     1.0000
   4343.8800     9.2621     0.1281     0.0558     0.0558     1.0000
   4343.9200    12.0228     0.4470     0.0561     0.0561     1.0000
   4343.9600    14.7835     0.7208     0.0593     0.0593     1.0000
   4344.0000    17.5441     0.8972     0.0613     0.0613     1.0000
   4344.0400    20.3048     0.7022     0.0587     0.0587     1.0000
   4344.0800    23.0655     0.4385     0.0562     0.0562     1.0000
   4344.1200    25.8262     0.3003     0.0546     0.0546     1.0000
   4344.1600    28.5869     0.4242     0.0554     0.0554     1.0000
   4344.2000    31.3475     0.8055     0.0597     0.0597     1.0000
   4344.2400    34.1082     0.9033     0.0610     0.0610     1.0000
   4344.2800    36.8689     0.9581     0.0619     0.0619     1.0000
   4344.3200    39.6296     0.8844     0.0610     0.0610     1.0000
   4344.3600    42.3903     0.9070     0.0610     0.0610     1.0000
   4344.4000    45.1509     0.6367     0.0578     0.0578     1.0000
   4344.4400    47.9116     0.3501     0.0547     0.0547     1.0000
   4344.4800    50.6723     0.3129     0.0541     0.0541     1.0000
   4344.5200    53.4330     0.4972     0.0563     0.0563     1.0000
   4344.5600    56.1937     0.6945     0.0585     0.0585     1.0000
   4344.6000    58.9544     0.6920     0.0584     0.0584     1.0000
   4344.6400    61.7150     0.6509     0.0578     0.0578     1.0000
   4344.6800    64.4757     0.5777     0.0567     0.0567     1.0000
   4344.7200    67.2364     0.7021     0.0581     0.0581     1.0000
   4344.7600    69.9971     0.8813     0.0603     0.0603     1.0000
   4344.8000    72.7578     0.8829     0.0605     0.0605     1.0000
   4344.8400    75.5184     0.8878     0.0607     0.0607     1.0000
   4344.8800    78.2791     0.8988     0.0607     0.0607     1.0000
   4344.9200    81.0398     0.8519     0.0601     0.0601     1.0000
   4344.9600    83.8005     0.7312     0.0584     0.0584     1.0000
   4345.0000    86.5612     0.7069     0.0580     0.0580     1.0000
   4345.0400    89.3219     0.7895     0.0592     0.0592     1.0000
   4345.0800    92.0825     0.9278     0.0611     0.0611     1.0000
   4345.1200    94.8432     0.9786     0.0615     0.0615     1.0000
   4345.1600    97.6039     0.8816     0.0600     0.0600     1.0000
   4345.2000   100.3646     0.9020     0.0606     0.0606     1.0000
   4345.2400   103.1253     0.9064     0.0605     0.0605     1.0000
   4345.2800   105.8859     1.0010     0.0615     0.0615     1.0000
   4345.3200   108.6466     0.9802     0.0613     0.0613     1.0000
   4345.3600   111.4073     0.9898     0.0616     0.0616     1.0000
   4345.4000   114.1680     0.9951     0.0617     0.0617     1.0000
   4345.4400   116.9287     1.0047     0.0615     0.0615     1.0000
   4345.4800   119.6893     0.9775     0.0612     0.0612     1.0000
   4345.5200   122.4500     0.9571     0.0611     0.0611     1.0000
   4345.5600   125.2107     0.9701     0.0609     0.0609     1.0000
   4345.6000   127.9714     0.9991     0.0611     0.0611     1.0000
   4345.6400   130.7321     1.0471     0.0617     0.0617     1.0000
   4345.6800   133.4928     1.0002     0.0611     0.0611     1.0000
   4345.7200   136.2534     0.9875     0.0612     0.0612     1.0000
   4345.7600   139.0141     0.9297     0.0606     0.0606     1.0000
   4345.8000   141.7748     1.0055     0.0611     0.0611     1.0000
   4345.8400   144.5355     0.9983     0.0609     0.0609     1.0000
   4345.8800   147.2962     1.0015     0.0609     0.0609     1.0000
   4345.9200   150.0568     0.9412     0.0604     0.0604     1.0000
   4345.9600   152.8175     0.9835     0.0614     0.0614     1.0000
   4346.0000   155.5782     1.0346     0.0618     0.0618     1.0000
   4346.0400   158.3389     1.0357     0.0615     0.0615     1.0000
   4346.0800   161.0996     1.0280     0.0615     0.0615     1.0000
   4346.1200   163.8602     1.0599     0.0618     0.0618     1.0000
   4346.1600   166.6209     0.9594     0.0607     0.0607     1.0000
   4346.2000   169.3816     0.9773     0.0612     0.0612     1.0000
   4346.2400   172.1423     1.0892     0.0623     0.0623     1.0000
   4346.2800   174.9030     1.1208     0.0625     0.0625     1.0000
   4346.3200   177.6637     1.0316     0.0611     0.0611     1.0000
   4346.3600   180.4243     1.0708     0.0618     0.0618     1.0000
   4346.4000   183.1850     1.0139     0.0610     0.0610     1.0000
   4346.4400   185.9457     0.9867     0.0612     0.0612     1.0000
   4346.4800   188.7064     0.9074     0.0598     0.0598     1.0000
   4346.5200   191.4671     1.0309     0.0614     0.0614     1.0000
   4346.5600   194.2277     1.0691     0.0617     0.0617     1.0000
   4346.6000   196.9884     0.9393     0.0602     0.0602     1.0000
   4346.6400   199.7491     0.9688     0.0606     0.0606     1.0000
   4346.6800   202.5098     0.9614     0.0609     0.0609     1.0000
   4346.7200   205.2705     0.9781     0.0610     0.0610     1.0000
   4346.7600   208.0312     0.9770     0.0607     0.0607     1.0000
   4346.8000   210.7918     1.0437     0.0613     0.0613     1.0000
   4346.8400   213.5525     1.0523     0.0610     0.0610     1.0000
   4346.8800   216.3132     1.0699     0.0616     0.0616     1.0000
   4346.9200   219.0739     1.0370     0.0611     0.0611     1.0000
   4346.9600   221.8346     0.9815     0.0605     0.0605     1.0000
   4347.0000   224.5952     0.9172     0.0598     0.0598     1.0000
   4347.0400   227.3559     1.0072     0.0608     0.0608     1.0000
   4347.0800   230.1166     1.0020     0.0607     0.0607     1.0000
   4347.1200   232.8773     0.9652     0.0604     0.0604     1.0000
   4347.1600   235.6380     1.0434     0.0611     0.0611     1.0000
   4347.2000   238.3986     0.9693     0.0603     0.0603     1.0000
   4347.2400   241.1593     0.9131     0.0598     0.0598     1.0000
   4347.2800   243.9200     1.0339     0.0612     0.0612     1.0000
   4347.3200   246.6807     0.9543     0.0599     0.0599     1.0000
   4347.3600   249.4414     0.9515     0.0598     0.0598     1.0000
   4347.4000   252.2021     0.9932     0.0604     0.0604     1.0000
   4347.4400   254.9627     0.9074     0.0595     0.0595     1.0000
   4347.4800   257.7234     0.8847     0.0588     0.0588     1.0000
   4347.5200   260.4841     0.9901     0.0605     0.0605     1.0000
   4347.5600   263.2448     0.9025     0.0593     0.0593     1.0000
   4347.6000   266.0055     0.9964     0.0604     0.0604     1.0000
   4347.6400   268.7661     1.0533     0.0607     0.0607     1.0000
   4347.6800   271.5268     0.9794     0.0596     0.0596     1.0000
   4347.7200   274.2875     1.0082     0.0601     0.0601     1.0000
   4347.7600   277.0482     1.0249     0.0605     0.0605     1.0000
   4347.8000   279.8089     0.9763     0.0596     0.0596     1.0000
   4347.8400   282.5695     0.9530     0.0594     0.0594     1.0000
   4347.8800   285.3302     0.9262     0.0590     0.0590     1.0000
   4347.9200   288.0909     0.9431     0.0590     0.0590     1.0000
   4347.9600   290.8516     0.9600     0.0593     0.0593     1.0000
   4348.0000   293.6123     0.9883     0.0596     0.0596     1.0000
   4348.0400   296.3730     1.0982     0.0609     0.0609     1.0000
   4348.0800   299.1336     0.9697     0.0592     0.0592     1.0000
   4348.1200   301.8943     0.9788     0.0595     0.0595     1.0000
   4348.1600   304.6550     0.9974     0.0596     0.0596     1.0000
   4348.2000   307.4157     1.0982     0.0606     0.0606     1.0000
   4348.2400   310.1764     1.0848     0.0602     0.0602     1.0000
   4348.2800   312.9370     1.0389     0.0598     0.0598     1.0000
   4348.3200   315.6977     1.0932     0.0606     0.0606     1.0000
   4348.3600   318.4584     1.0610     0.0601     0.0601     1.0000
   4348.4000   321.2191     1.0260     0.0595     0.0595     1.0000
   4348.4400   323.9798     1.1211     0.0607     0.0607     1.0000
   4348.4800   326.7405     1.0655     0.0601     0.0601     1.0000
   4348.5200   329.5011     0.9622     0.0589     0.0589     1.0000
   4348.5600   332.2618     0.9914     0.0595     0.0595     1.0000
   4348.6000   335.0225     0.9625     0.0593     0.0593     1.0000
   4348.6400   337.7832     0.9530     0.0590     0.0590     1.0000
   4348.6800   340.5439     0.9840     0.0592     0.0592     1.0000
   4348.7200   343.3045     1.0057     0.0595     0.0595     1.0000
   4348.7600   346.0652     1.0866     0.0600     0.0600     1.0000
   4348.8000   348.8259     1.0318     0.0597     0.0597     1.0000
   4348.8400   351.5866     1.0841     0.0603     0.0603     1.0000
   4348.8800   354.3473     1.0412     0.0596     0.0596     1.0000
   4348.9200   357.1079     1.0308     0.0597     0.0597     1.0000
   4348.9600   359.8686     1.0566     0.0599     0.0599     1.0000
   4349.0000   362.6293     1.0884     0.0604     0.0604     1.0000
   4349.0400   365.3900     1.0324     0.0596     0.0596     1.0000
   4349.0800   368.1507     1.0528     0.0597     0.0597     1.0000
   4349.1200   370.9114     1.0733     0.0599     0.0599     1.0000
   4349.1600   373.6720     1.0151     0.0593     0.0593     1.0000
   4349.2000   376.4327     0.8922     0.0576     0.0576     1.0000
   4349.2400   379.1934     1.0478     0.0595     0.0595     1.0000
   4349.2800   381.9541     1.0188     0.0588     0.0588     1.0000
   4349.3200   384.7148     0.9770     0.0586     0.0586     1.0000
   4349.3600   387.4754     0.8737     0.0581     0.0581     1.0000
   4349.4000   390.2361     0.9744     0.0592     0.0592     1.0000
   4349.4400   392.9968     1.0254     0.0595     0.0595     1.0000
   4349.4800   395.7575     1.0012     0.0591     0.0591     1.0000
   4349.5200   398.5182     0.9566     0.0584     0.0584     1.0000
   4349.5600   401.2789     1.0662     0.0599     0.0599     1.0000
   4349.6000   404.0395     1.0002     0.0594     0.0594     1.0000
   4349.6400   406.8002     0.9786     0.0592     0.0592     1.0000
   4349.6800   409.5609     0.9808     0.0588     0.0588     1.0000
   4349.7200   412.3216     0.9789     0.0585     0.0585     1.0000
   4349.7600   415.0823     1.0034     0.0588     0.0588     1.0000
   4349.8000   417.8429     1.0504     0.0594     0.0594     1.0000
   4349.8400   420.6036     1.0169     0.0591     0.0591     1.0000
   4349.8800   423.3643     0.9440     0.0584     0.0584     1.0000
   4349.9200   426.1250     0.9692     0.0589     0.0589     1.0000
   4349.9600   428.8857     1.0174     0.0595     0.0595     1.0000
   4350.0000   431.6463     0.9119     0.0585     0.0585     1.0000
   4350.0400   434.4070     0.9495     0.0587     0.0587     1.0000
   4350.0800   437.1677     0.9681     0.0589     0.0589     1.0000
   4350.1200   439.9284     0.9974     0.0588     0.0588     1.0000
   4350.1600   442.6891     0.9559     0.0584     0.0584     1.0000
   4350.2000   445.4498     1.0490     0.0594     0.0594     1.0000
   4350.2400   448.2104     1.0369     0.0597     0.0597     1.0000
   4350.2800   450.9711     0.9711     0.0588     0.0588     1.0000
   4350.3200   453.7318     0.9491     0.0583     0.0583     1.0000
   4350.3600   456.4925     0.9207     0.0579     0.0579     1.0000
   4350.4000   459.2532     0.9616     0.0584     0.0584     1.0000
   4350.4400   462.0138     0.9454     0.0582     0.0582     1.0000
   4350.4800   464.7745     1.0107     0.0586     0.0586     1.0000
   4350.5200   467.5352     0.9903     0.0585     0.0585     1.0000
   4350.5600   470.2959     0.9839     0.0585     0.0585     1.0000
   4350.6000   473.0566     1.0629     0.0596     0.0596     1.0000
   4350.6400   475.8172     0.9948     0.0586     0.0586     1.0000
   4350.6800   478.5779     1.0220     0.0587     0.0587     1.0000
   4350.7200   481.3386     0.9392     0.0579     0.0579     1.0000
   4350.7600   484.0993     1.0172     0.0585     0.0585     1.0000
   4350.8000   486.8600     0.9964     0.0584     0.0584     1.0000
   4350.8400   489.6207     0.9859     0.0584     0.0584     1.0000
   4350.8800   492.3813     1.0793     0.0592     0.0592     1.0000
   4350.9200   495.1420     1.0514     0.0589     0.0589     1.0000
   4350.9600   497.9027     1.0022     0.0586     0.0586     1.0000
   4351.0000   500.6634     0.9302     0.0577     0.0577     1.0000
   4351.0400   503.4241     0.9229     0.0574     0.0574     1.0000
   4351.0800   506.1847     0.9987     0.0582     0.0582     1.0000
   4351.1200   508.9454     1.0287     0.0587     0.0587     1.0000
   4351.1600   511.7061     0.9869     0.0579     0.0579     1.0000
   4351.2000   514.4668     0.9841     0.0579     0.0579     1.0000
   4351.2400   517.2275     0.9993     0.0582     0.0582     1.0000
   4351.2800   519.9882     0.9433     0.0577     0.0577     1.0000
   4351.3200   522.7488     0.9373     0.0575     0.0575     1.0000
   4351.3600   525.5095     0.9509     0.0576     0.0576     1.0000
   4351.4000   528.2702     0.9968     0.0581     0.0581     1.0000
   4351.4400   531.0309     1.0783     0.0591     0.0591     1.0000
   4351.4800   533.7916     1.0203     0.0586     0.0586     1.0000
   4351.5200   536.5522     1.0354     0.0590     0.0590     1.0000
   4351.5600   539.3129     0.9828     0.0584     0.0584     1.0000
   4351.6000   542.0736     0.9140     0.0576     0.0576     1.0000
   4351.6400   544.8343     0.9285     0.0575     0.0575     1.0000
   4351.6800   547.5950     1.0110     0.0584     0.0584     1.0000
   4351.7200   550.3556     1.0213     0.0586     0.0586     1.0000
   4351.7600   553.1163     0.9561     0.0580     0.0580     1.0000
   4351.8000   555.8770     0.9939     0.0583     0.0583     1.0000
   4351.8400   558.6377     0.9591     0.0578     0.0578     1.0000
   4351.8800   561.3984     1.0135     0.0587     0.0587     1.0000
   4351.9200   564.1591     1.0434     0.0590     0.0590     1.0000
   4351.9600   566.9197     1.0841     0.0592     0.0592     1.0000
   4352.0000   569.6804     0.9849     0.0579     0.0579     1.0000
   4352.0400   572.4411     1.0223     0.0584     0.0584     1.0000
   4352.0800   575.2018     0.9306     0.0574     0.0574     1.0000
   4352.1200   577.9625     0.9888     0.0581     0.0581     1.0000
   4352.1600   580.7231     1.0634     0.0589     0.0589     1.0000
   4352.2000   583.4838     1.0205     0.0586     0.0586     1.0000
   4352.2400   586.2445     1.0737     0.0592     0.0592     1.0000
   4352.2800   589.0052     0.9836     0.0582     0.0582     1.0000
   4352.3200   591.7659     1.0593     0.0590     0.0590     1.0000
   4352.3600   594.5266     1.0053     0.0582     0.0582     1.0000
   4352.4000   597.2872     0.9588     0.0574     0.0574     1.0000
   4352.4400   600.0479     1.0200     0.0582     0.0582     1.0000
   4352.4800   602.8086     1.0313     0.0582     0.0582     1.0000
   4352.5200   605.5693     1.0560     0.0585     0.0585     1.0000
   4352.5600   608.3300     1.0126     0.0581     0.0581     1.0000
   4352.6000   611.0906     0.9186     0.0572     0.0572     1.0000
   4352.6400   613.8513     0.9550     0.0579     0.0579     1.0000
   4352.6800   616.6120     1.0004     0.0582     0.0582     1.0000
   4352.7200   619.3727     1.0320     0.0586     0.0586     1.0000
   4352.7600   622.1334     0.9190     0.0571     0.0571     1.0000
   4352.8000   624.8940     0.9878     0.0579     0.0579     1.0000
