   4346.6000  -571.1944     0.9393     0.0602     0.0602     1.0000
   4346.6400  -568.4407     0.9688     0.0606     0.0606     1.0000
   4346.6800  -565.6871     0.9614     0.0609     0.0609     1.0000
   4346.7200  -562.9335     0.9781     0.0610     0.0610     1.0000
   4346.7600  -560.1799     0.9770     0.0607     0.0607     1.0000
   4346.8000  -557.4263     1.0437     0.0613     0.0613     1.0000
   4346.8400  -554.6727     1.0523     0.0610     0.0610     1.0000
   4346.8800  -551.9191     1.0699     0.0616     0.0616     1.0000
   4346.9200  -549.1655     1.0370     0.0611     0.0611     1.0000
   4346.9600  -546.4118     0.9815     0.0605     0.0605     1.0000
   4347.0000  -543.6582     0.9172     0.0598     0.0598     1.0000
   4347.0400  -540.9046     1.0072     0.0608     0.0608     1.0000
   4347.0800  -538.1510     1.0020     0.0607     0.0607     1.0000
   4347.1200  -535.3974     0.9652     0.0604     0.0604     1.0000
   4347.1600  -532.6438     1.0434     0.0611     0.0611     1.0000
   4347.2000  -529.8902     0.9693     0.0603     0.0603     1.0000
   4347.2400  -527.1366     0.9131     0.0598     0.0598     1.0000
   4347.2800  -524.3829     1.0339     0.0612     0.0612     1.0000
   4347.3200  -521.6293     0.9543     0.0599     0.0599     1.0000
   4347.3600  -518.8757     0.9515     0.0598     0.0598     1.0000
   4347.4000  -516.1221     0.9932     0.0604     0.0604     1.0000
   4347.4400  -513.3685     0.9074     0.0595     0.0595     1.0000
   4347.4800  -510.6149     0.8847     0.0588     0.0588     1.0000
   4347.5200  -507.8613     0.9901     0.0605     0.0605     1.0000
   4347.5600  -505.1077     0.9025     0.0593     0.0593     1.0000
   4347.6000  -502.3541     0.9964     0.0604     0.0604     1.0000
   4347.6400  -499.6004     1.0533     0.0607     0.0607     1.0000
   4347.6800  -496.8468     0.9794     0.0596     0.0596     1.0000
   4347.7200  -494.0932     1.0082     0.0601     0.0601     1.0000
   4347.7600  -491.3396     1.0249     0.0605     0.0605     1.0000
   4347.8000  -488.5860     0.9763     0.0596     0.0596     1.0000
   4347.8400  -485.8324     0.9530     0.0594     0.0594     1.0000
   4347.8800  -483.0788     0.9262     0.0590     0.0590     1.0000
   4347.9200  -480.3252     0.9431     0.0590     0.0590     1.0000
   4347.9600  -477.5715     0.9600     0.0593     0.0593     1.0000
   4348.0000  -474.8179     0.9883     0.0596     0.0596     1.0000
   4348.0400  -472.0643     1.0982     0.0609     0.0609     1.0000
   4348.0800  -469.3107     0.9697     0.0592     0.0592     1.0000
   4348.1200  -466.5571     0.9788     0.0595     0.0595     1.0000
   4348.1600  -463.8035     0.9974     0.0596     0.0596     1.0000
   4348.2000  -461.0499     1.0982     0.0606     0.0606     1.0000
   4348.2400  -458.2963     1.0848     0.0602     0.0602     1.0000
   4348.2800  -455.5426     1.0389     0.0598     0.0598     1.0000
   4348.3200  -452.7890     1.0932     0.0606     0.0606     1.0000
   4348.3600  -450.0354     1.0610     0.0601     0.0601     1.0000
   4348.4000  -447.2818     1.0260     0.0595     0.0595     1.0000
   4348.4400  -444.5282     1.1211     0.0607     0.0607     1.0000
   4348.4800  -441.7746     1.0655     0.0601     0.0601     1.0000
   4348.5200  -439.0210     0.9622     0.0589     0.0589     1.0000
   4348.5600  -436.2674     0.9914     0.0595     0.0595     1.0000
   4348.6000  -433.5137     0.9625     0.0593     0.0593     1.0000
   4348.6400  -430.7601     0.9530     0.0590     0.0590     1.0000
   4348.6800  -428.0065     0.9840     0.0592     0.0592     1.0000
   4348.7200  -425.2529     1.0057     0.0595     0.0595     1.0000
   4348.7600  -422.4993     1.0866     0.0600     0.0600     1.0000
   4348.8000  -419.7457     1.0318     0.0597     0.0597     1.0000
   4348.8400  -416.9921     1.0841     0.0603     0.0603     1.0000
   4348.8800  -414.2385     1.0412     0.0596     0.0596     1.0000
   4348.9200  -411.4849     1.0308     0.0597     0.0597     1.0000
   4348.9600  -408.7312     1.0566     0.0599     0.0599     1.0000
   4349.0000  -405.9776     1.0884     0.0604     0.0604     1.0000
   4349.0400  -403.2240     1.0324     0.0596     0.0596     1.0000
   4349.0800  -400.4704     1.0528     0.0597     0.0597     1.0000
   4349.1200  -397.7168     1.0733     0.0599     0.0599     1.0000
   4349.1600  -394.9632     1.0151     0.0593     0.0593     1.0000
   4349.2000  -392.2096     0.8922     0.0576     0.0576     1.0000
   4349.2400  -389.4560     1.0478     0.0595     0.0595     1.0000
   4349.2800  -386.7023     1.0188     0.0588     0.0588     1.0000
   4349.3200  -383.9487     0.9770     0.0586     0.0586     1.0000
   4349.3600  -381.1951     0.8737     0.0581     0.0581     1.0000
   4349.4000  -378.4415     0.9744     0.0592     0.0592     1.0000
   4349.4400  -375.6879     1.0254     0.0595     0.0595     1.0000
   4349.4800  -372.9343     1.0012     0.0591     0.0591     1.0000
   4349.5200  -370.1807     0.9566     0.0584     0.0584     1.0000
   4349.5600  -367.4271     1.0662     0.0599     0.0599     1.0000
   4349.6000  -364.6734     1.0002     0.0594     0.0594     1.0000
   4349.6400  -361.9198     0.9786     0.0592     0.0592     1.0000
   4349.6800  -359.1662     0.9808     0.0588     0.0588     1.0000
   4349.7200  -356.4126     0.9789     0.0585     0.0585     1.0000
   4349.7600  -353.6590     1.0034     0.0588     0.0588     1.0000
   4349.8000  -350.9054     1.0504     0.0594     0.0594     1.0000
   4349.8400  -348.1518     1.0169     0.0591     0.0591     1.0000
   4349.8800  -345.3982     0.9440     0.0584     0.0584     1.0000
   4349.9200  -342.6445     0.9692     0.0589     0.0589     1.0000
   4349.9600  -339.8909     1.0174     0.0595     0.0595     1.0000
   4350.0000  -337.1373     0.9119     0.0585     0.0585     1.0000
   4350.0400  -334.3837     0.9495     0.0587     0.0587     1.0000
   4350.0800  -331.6301     0.9681     0.0589     0.0589     1.0000
   4350.1200  -328.8765     0.9974     0.0588     0.0588     1.0000
   4350.1600  -326.1229     0.9559     0.0584     0.0584     1.0000
   4350.2000  -323.3693     1.0490     0.0594     0.0594     1.0000
   4350.2400  -320.6156     1.0369     0.0597     0.0597     1.0000
   4350.2800  -317.8620     0.9711     0.0588     0.0588     1.0000
   4350.3200  -315.1084     0.9491     0.0583     0.0583     1.0000
   4350.3600  -312.3548     0.9207     0.0579     0.0579     1.0000
   4350.4000  -309.6012     0.9616     0.0584     0.0584     1.0000
   4350.4400  -306.8476     0.9454     0.0582     0.0582     1.0000
   4350.4800  -304.0940     1.0107     0.0586     0.0586     1.0000
   4350.5200  -301.3404     0.9903     0.0585     0.0585     1.0000
   4350.5600  -298.5868     0.9839     0.0585     0.0585     1.0000
   4350.6000  -295.8331     1.0629     0.0596     0.0596     1.0000
   4350.6400  -293.0795     0.9948     0.0586     0.0586     1.0000
   4350.6800  -290.3259     1.0220     0.0587     0.0587     1.0000
   4350.7200  -287.5723     0.9392     0.0579     0.0579     1.0000
   4350.7600  -284.8187     1.0172     0.0585     0.0585     1.0000
   4350.8000  -282.0651     0.9964     0.0584     0.0584     1.0000
   4350.8400  -279.3115     0.9859     0.0584     0.0584     1.0000
   4350.8800  -276.5579     1.0793     0.0592     0.0592     1.0000
   4350.9200  -273.8042     1.0514     0.0589     0.0589     1.0000
   4350.9600  -271.0506     1.0022     0.0586     0.0586     1.0000
   4351.0000  -268.2970     0.9302     0.0577     0.0577     1.0000
   4351.0400  -265.5434     0.9229     0.0574     0.0574     1.0000
   4351.0800  -262.7898     0.9987     0.0582     0.0582     1.0000
   4351.1200  -260.0362     1.0287     0.0587     0.0587     1.0000
   4351.1600  -257.2826     0.9869     0.0579     0.0579     1.0000
   4351.2000  -254.5290     0.9841     0.0579     0.0579     1.0000
   4351.2400  -251.7753     0.9993     0.0582     0.0582     1.0000
   4351.2800  -249.0217     0.9433     0.0577     0.0577     1.0000
   4351.3200  -246.2681     0.9373     0.0575     0.0575     1.0000
   4351.3600  -243.5145     0.9509     0.0576     0.0576     1.0000
   4351.4000  -240.7609     0.9968     0.0581     0.0581     1.0000
   4351.4400  -238.0073     1.0783     0.0591     0.0591     1.0000
   4351.4800  -235.2537     1.0203     0.0586     0.0586     1.0000
   4351.5200  -232.5001     1.0354     0.0590     0.0590     1.0000
   4351.5600  -229.7464     0.9828     0.0584     0.0584     1.0000
   4351.6000  -226.9928     0.9140     0.0576     0.0576     1.0000
   4351.6400  -224.2392     0.9285     0.0575     0.0575     1.0000
   4351.6800  -221.4856     1.0110     0.0584     0.0584     1.0000
   4351.7200  -218.7320     1.0213     0.0586     0.0586     1.0000
   4351.7600  -215.9784     0.9561     0.0580     0.0580     1.0000
   4351.8000  -213.2248     0.9939     0.0583     0.0583     1.0000
   4351.8400  -210.4712     0.9591     0.0578     0.0578     1.0000
   4351.8800  -207.7176     1.0135     0.0587     0.0587     1.0000
   4351.9200  -204.9639     1.0434     0.0590     0.0590     1.0000
   4351.9600  -202.2103     1.0841     0.0592     0.0592     1.0000
   4352.0000  -199.4567     0.9849     0.0579     0.0579     1.0000
   4352.0400  -196.7031     1.0223     0.0584     0.0584     1.0000
   4352.0800  -193.9495     0.9306     0.0574     0.0574     1.0000
   4352.1200  -191.1959     0.9888     0.0581     0.0581     1.0000
   4352.1600  -188.4423     1.0634     0.0589     0.0589     1.0000
   4352.2000  -185.6887     1.0205     0.0586     0.0586     1.0000
   4352.2400  -182.9350     1.0737     0.0592     0.0592     1.0000
   4352.2800  -180.1814     0.9836     0.0582     0.0582     1.0000
   4352.3200  -177.4278     1.0593     0.0590     0.0590     1.0000
   4352.3600  -174.6742     1.0053     0.0582     0.0582     1.0000
   4352.4000  -171.9206     0.9588     0.0574     0.0574     1.0000
   4352.4400  -169.1670     1.0200     0.0582     0.0582     1.0000
   4352.4800  -166.4134     1.0313     0.0582     0.0582     1.0000
   4352.5200  -163.6598     1.0560     0.0585     0.0585     1.0000
   4352.5600  -160.9061     1.0126     0.0581     0.0581     1.0000
   4352.6000  -158.1525     0.9186     0.0572     0.0572     1.0000
   4352.6400  -155.3989     0.9550     0.0579     0.0579     1.0000
   4352.6800  -152.6453     1.0004     0.0582     0.0582     1.0000
   4352.7200  -149.8917     1.0320     0.0586     0.0586     1.0000
   4352.7600  -147.1381     0.9190     0.0571     0.0571     1.0000
   4352.8000  -144.3845     0.9878     0.0579     0.0579     1.0000
   4352.8400  -141.6309     1.0283     0.0583     0.0583     1.0000
   4352.8800  -138.8772     1.0713     0.0589     0.0589     1.0000
   4352.9200  -136.1236     1.0069     0.0582     0.0582     1.0000
   4352.9600  -133.3700     1.0031     0.0581     0.0581     1.0000
   4353.0000  -130.6164     1.0183     0.0581     0.0581     1.0000
   4353.0400  -127.8628     1.0273     0.0582     0.0582     1.0000
   4353.0800  -125.1092     0.9367     0.0572     0.0572     1.0000
   4353.1200  -122.3556     1.0198     0.0584     0.0584     1.0000
   4353.1600  -119.6020     1.0243     0.0583     0.0583     1.0000
   4353.2000  -116.8484     1.0397     0.0584     0.0584     1.0000
   4353.2400  -114.0947     1.0844     0.0590     0.0590     1.0000
   4353.2800  -111.3411     0.9933     0.0581     0.0581     1.0000
   4353.3200  -108.5875     0.9572     0.0575     0.0575     1.0000
   4353.3600  -105.8339     0.9315     0.0573     0.0573     1.0000
   4353.4000  -103.0803     0.9219     0.0568     0.0568     1.0000
   4353.4400  -100.3267     0.9497     0.0571     0.0571     1.0000
   4353.4800   -97.5731     0.9519     0.0573     0.0573     1.0000
   4353.5200   -94.8195     0.9980     0.0579     0.0579     1.0000
   4353.5600   -92.0658     0.9706     0.0574     0.0574     1.0000
   4353.6000   -89.3122     1.0363     0.0582     0.0582     1.0000
   4353.6400   -86.5586     0.9538     0.0572     0.0572     1.0000
   4353.6800   -83.8050     0.7618     0.0548     0.0548     1.0000
   4353.7200   -81.0514     0.4442     0.0509     0.0509     1.0000
   4353.7600   -78.2978     0.4791     0.0509     0.0509     1.0000
   4353.8000   -75.5442     0.7473     0.0545     0.0545     1.0000
   4353.8400   -72.7906     0.9230     0.0566     0.0566     1.0000
   4353.8800   -70.0369     0.9502     0.0569     0.0569     1.0000
   4353.9200   -67.2833     1.0189     0.0575     0.0575     1.0000
   4353.9600   -64.5297     1.0418     0.0577     0.0577     1.0000
   4354.0000   -61.7761     0.8829     0.0560     0.0560     1.0000
   4354.0400   -59.0225     0.8953     0.0562     0.0562     1.0000
   4354.0800   -56.2689     0.7510     0.0545     0.0545     1.0000
   4354.1200   -53.5153     0.4937     0.0517     0.0517     1.0000
   4354.1600   -50.7617     0.2825     0.0490     0.0490     1.0000
   4354.2000   -48.0080     0.3391     0.0497     0.0497     1.0000
   4354.2400   -45.2544     0.5348     0.0520     0.0520     1.0000
   4354.2800   -42.5008     0.7522     0.0546     0.0546     1.0000
   4354.3200   -39.7472     0.8165     0.0554     0.0554     1.0000
   4354.3600   -36.9936     0.9380     0.0568     0.0568     1.0000
   4354.4000   -34.2400     0.9752     0.0573     0.0573     1.0000
   4354.4400   -31.4864     0.9522     0.0570     0.0570     1.0000
   4354.4800   -28.7328     1.0522     0.0584     0.0584     1.0000
   4354.5200   -25.9791     1.0898     0.0584     0.0584     1.0000
   4354.5600   -23.2255     1.0811     0.0581     0.0581     1.0000
   4354.6000   -20.4719     0.9281     0.0565     0.0565     1.0000
   4354.6400   -17.7183     0.8246     0.0555     0.0555     1.0000
   4354.6800   -14.9647     0.8563     0.0559     0.0559     1.0000
   4354.7200   -12.2111     0.7178     0.0541     0.0541     1.0000
   4354.7600    -9.4575     0.5490     0.0522     0.0522     1.0000
   4354.8000    -6.7039     0.5458     0.0521     0.0521     1.0000
   4354.8400    -3.9503     0.6202     0.0528     0.0528     1.0000
   4354.8800    -1.1966     0.4570     0.0508     0.0508     1.0000
   4354.9200     1.5570     0.3991     0.0504     0.0504     1.0000
   4354.9600     4.3106     0.2665     0.0500     0.0500     1.0000
   4355.0000     7.0642     0.1396     0.0502     0.0502     1.0000
   4355.0400     9.8178     0.3672     0.0503     0.0503     1.0000
   4355.0800    12.5714     0.7165     0.0540     0.0540     1.0000
   4355.1200    15.3250     0.8649     0.0559     0.0559     1.0000
   4355.1600    18.0786     0.9368     0.0567     0.0567     1.0000
   4355.2000    20.8323     0.8618     0.0557     0.0557     1.0000
   4355.2400    23.5859     0.6016     0.0526     0.0526     1.0000
   4355.2800    26.3395     0.6130     0.0530     0.0530     1.0000
   4355.3200    29.0931     0.7739     0.0550     0.0550     1.0000
   4355.3600    31.8467     0.8605     0.0561     0.0561     1.0000
   4355.4000    34.6003     1.0012     0.0577     0.0577     1.0000
   4355.4400    37.3539     1.0664     0.0586     0.0586     1.0000
   4355.4800    40.1075     0.9182     0.0567     0.0567     1.0000
   4355.5200    42.8612     0.8822     0.0561     0.0561     1.0000
   4355.5600    45.6148     0.7869     0.0552     0.0552     1.0000
   4355.6000    48.3684     0.5853     0.0530     0.0530     1.0000
   4355.6400    51.1220     0.6032     0.0530     0.0530     1.0000
   4355.6800    53.8756     0.7401     0.0546     0.0546     1.0000
   4355.7200    56.6292     0.8800     0.0563     0.0563     1.0000
   4355.7600    59.3828     0.8789     0.0563     0.0563     1.0000
   4355.8000    62.1364     0.8194     0.0557     0.0557     1.0000
   4355.8400    64.8901     0.8133     0.0554     0.0554     1.0000
   4355.8800    67.6437     0.8999     0.0562     0.0562     1.0000
   4355.9200    70.3973     0.9813     0.0573     0.0573     1.0000
   4355.9600    73.1509     0.9994     0.0576     0.0576     1.0000
   4356.0000    75.9045     1.0241     0.0581     0.0581     1.0000
   4356.0400    78.6581     1.0696     0.0584     0.0584     1.0000
   4356.0800    81.4117     0.9665     0.0572     0.0572     1.0000
   4356.1200    84.1653     0.9112     0.0569     0.0569     1.0000
   4356.1600    86.9189     0.8594     0.0564     0.0564     1.0000
   4356.2000    89.6726     1.0122     0.0581     0.0581     1.0000
   4356.2400    92.4262     1.0805     0.0588     0.0588     1.0000
   4356.2800    95.1798     0.9496     0.0572     0.0572     1.0000
   4356.3200    97.9334     0.9861     0.0575     0.0575     1.0000
   4356.3600   100.6870     1.0641     0.0584     0.0584     1.0000
   4356.4000   103.4406     1.0191     0.0580     0.0580     1.0000
   4356.4400   106.1942     1.0328     0.0583     0.0583     1.0000
   4356.4800   108.9478     1.0842     0.0585     0.0585     1.0000
   4356.5200   111.7015     1.1170     0.0588     0.0588     1.0000
   4356.5600   114.4551     1.0616     0.0581     0.0581     1.0000
   4356.6000   117.2087     0.9863     0.0575     0.0575     1.0000
   4356.6400   119.9623     0.9867     0.0578     0.0578     1.0000
   4356.6800   122.7159     1.0000    -1.0000    -1.0000     1.0000
   4356.7200   125.4695     1.0000    -1.0000    -1.0000     1.0000
   4356.7600   128.2231     1.0000     0.0582     0.0582     1.0000
   4356.8000   130.9767     0.9344     0.0572     0.0572     1.0000
   4356.8400   133.7304     1.0292     0.0582     0.0582     1.0000
   4356.8800   136.4840     0.9423     0.0572     0.0572     1.0000
   4356.9200   139.2376     1.0079     0.0582     0.0582     1.0000
   4356.9600   141.9912     0.9291     0.0569     0.0569     1.0000
   4357.0000   144.7448     1.0699     0.0585     0.0585     1.0000
   4357.0400   147.4984     1.0363     0.0580     0.0580     1.0000
   4357.0800   150.2520     0.9840     0.0578     0.0578     1.0000
   4357.1200   153.0056     1.0426     0.0584     0.0584     1.0000
   4357.1600   155.7593     1.0273     0.0580     0.0580     1.0000
   4357.2000   158.5129     0.9665     0.0577     0.0577     1.0000
   4357.2400   161.2665     0.9811     0.0577     0.0577     1.0000
   4357.2800   164.0201     0.9941     0.0578     0.0578     1.0000
   4357.3200   166.7737     0.9421     0.0571     0.0571     1.0000
   4357.3600   169.5273     1.0310     0.0582     0.0582     1.0000
   4357.4000   172.2809     0.9882     0.0578     0.0578     1.0000
   4357.4400   175.0345     0.9615     0.0574     0.0574     1.0000
   4357.4800   177.7881     0.9558     0.0574     0.0574     1.0000
   4357.5200   180.5418     1.0984     0.0590     0.0590     1.0000
   4357.5600   183.2954     0.8866     0.0567     0.0567     1.0000
   4357.6000   186.0490     1.0129     0.0585     0.0585     1.0000
   4357.6400   188.8026     0.9652     0.0578     0.0578     1.0000
   4357.6800   191.5562     1.0264     0.0585     0.0585     1.0000
   4357.7200   194.3098     1.0327     0.0586     0.0586     1.0000
   4357.7600   197.0634     1.0122     0.0582     0.0582     1.0000
   4357.8000   199.8170     0.9558     0.0575     0.0575     1.0000
   4357.8400   202.5707     0.9143     0.0571     0.0571     1.0000
   4357.8800   205.3243     0.9114     0.0572     0.0572     1.0000
   4357.9200   208.0779     0.9379     0.0575     0.0575     1.0000
   4357.9600   210.8315     1.0010     0.0581     0.0581     1.0000
   4358.0000   213.5851     0.9786     0.0579     0.0579     1.0000
   4358.0400   216.3387     1.0076     0.0584     0.0584     1.0000
   4358.0800   219.0923     0.9126     0.0575     0.0575     1.0000
   4358.1200   221.8459     0.9658     0.0580     0.0580     1.0000
   4358.1600   224.5996     1.0211     0.0584     0.0584     1.0000
   4358.2000   227.3532     1.0265     0.0586     0.0586     1.0000
   4358.2400   230.1068     0.9796     0.0582     0.0582     1.0000
   4358.2800   232.8604     1.0320     0.0591     0.0591     1.0000
   4358.3200   235.6140     0.9854     0.0585     0.0585     1.0000
   4358.3600   238.3676     1.0212     0.0590     0.0590     1.0000
   4358.4000   241.1212     1.0624     0.0594     0.0594     1.0000
   4358.4400   243.8748     1.0401     0.0592     0.0592     1.0000
   4358.4800   246.6285     1.0028     0.0589     0.0589     1.0000
   4358.5200   249.3821     1.0269     0.0591     0.0591     1.0000
   4358.5600   252.1357     1.0090     0.0585     0.0585     1.0000
   4358.6000   254.8893     1.0864     0.0597     0.0597     1.0000
   4358.6400   257.6429     0.9821     0.0585     0.0585     1.0000
   4358.6800   260.3965     0.9470     0.0583     0.0583     1.0000
   4358.7200   263.1501     1.0237     0.0591     0.0591     1.0000
   4358.7600   265.9037     0.9996     0.0586     0.0586     1.0000
   4358.8000   268.6574     1.0105     0.0589     0.0589     1.0000
   4358.8400   271.4110     1.0512     0.0593     0.0593     1.0000
   4358.8800   274.1646     1.0050     0.0589     0.0589     1.0000
   4358.9200   276.9182     1.0487     0.0594     0.0594     1.0000
   4358.9600   279.6718     0.9880     0.0586     0.0586     1.0000
   4359.0000   282.4254     0.9802     0.0588     0.0588     1.0000
   4359.0400   285.1790     0.9203     0.0583     0.0583     1.0000
   4359.0800   287.9326     1.0014     0.0591     0.0591     1.0000
   4359.1200   290.6862     0.9731     0.0586     0.0586     1.0000
   4359.1600   293.4399     0.9928     0.0593     0.0593     1.0000
   4359.2000   296.1935     0.9691     0.0586     0.0586     1.0000
   4359.2400   298.9471     1.0164     0.0588     0.0588     1.0000
   4359.2800   301.7007     0.9822     0.0587     0.0587     1.0000
   4359.3200   304.4543     1.0831     0.0601     0.0601     1.0000
   4359.3600   307.2079     0.9821     0.0591     0.0591     1.0000
   4359.4000   309.9615     0.9949     0.0588     0.0588     1.0000
   4359.4400   312.7151     1.0551     0.0594     0.0594     1.0000
   4359.4800   315.4688     1.0403     0.0595     0.0595     1.0000
   4359.5200   318.2224     1.0024     0.0590     0.0590     1.0000
   4359.5600   320.9760     0.9823     0.0590     0.0590     1.0000
   4359.6000   323.7296     1.0234     0.0594     0.0594     1.0000
   4359.6400   326.4832     1.0532     0.0597     0.0597     1.0000
   4359.6800   329.2368     1.0436     0.0596     0.0596     1.0000
   4359.7200   331.9904     1.0642     0.0597     0.0597     1.0000
   4359.7600   334.7440     1.0360     0.0595     0.0595     1.0000
   4359.8000   337.4977     0.9685     0.0589     0.0589     1.0000
   4359.8400   340.2513     0.9873     0.0588     0.0588     1.0000
   4359.8800   343.0049     1.0309     0.0589     0.0589     1.0000
   4359.9200   345.7585     1.0535     0.0593     0.0593     1.0000
   4359.9600   348.5121     0.9802     0.0585     0.0585     1.0000
   4360.0000   351.2657     1.0556     0.0593     0.0593     1.0000
   4360.0400   354.0193     1.0329     0.0591     0.0591     1.0000
   4360.0800   356.7729     1.0050     0.0592     0.0592     1.0000
   4360.1200   359.5266     0.9898     0.0589     0.0589     1.0000
   4360.1600   362.2802     0.9669     0.0583     0.0583     1.0000
   4360.2000   365.0338     0.9806     0.0587     0.0587     1.0000
   4360.2400   367.7874     1.0627     0.0596     0.0596     1.0000
   4360.2800   370.5410     0.9974     0.0593     0.0593     1.0000
   4360.3200   373.2946     0.9985     0.0594     0.0594     1.0000
   4360.3600   376.0482     0.9844     0.0590     0.0590     1.0000
   4360.4000   378.8018     0.9813     0.0588     0.0588     1.0000
   4360.4400   381.5554     0.9141     0.0579     0.0579     1.0000
   4360.4800   384.3091     0.9796     0.0589     0.0589     1.0000
   4360.5200   387.0627     0.8925     0.0578     0.0578     1.0000
   4360.5600   389.8163     0.9671     0.0584     0.0584     1.0000
   4360.6000   392.5699     1.0331     0.0595     0.0595     1.0000
   4360.6400   395.3235     1.0133     0.0592     0.0592     1.0000
   4360.6800   398.0771     1.0487     0.0599     0.0599     1.0000
   4360.7200   400.8307     1.0041     0.0595     0.0595     1.0000
   4360.7600   403.5843     0.9561     0.0588     0.0588     1.0000
   4360.8000   406.3380     1.0320     0.0596     0.0596     1.0000
   4360.8400   409.0916     0.9971     0.0591     0.0591     1.0000
   4360.8800   411.8452     0.9903     0.0593     0.0593     1.0000
   4360.9200   414.5988     0.9482     0.0592     0.0592     1.0000
   4360.9600   417.3524     0.9428     0.0585     0.0585     1.0000
   4361.0000   420.1060     1.0495     0.0593     0.0593     1.0000
   4361.0400   422.8596     1.0465     0.0593     0.0593     1.0000
   4361.0800   425.6132     1.0077     0.0590     0.0590     1.0000
   4361.1200   428.3669     0.9157     0.0585     0.0585     1.0000
   4361.1600   431.1205     0.9228     0.0589     0.0589     1.0000
   4361.2000   433.8741     0.8821     0.0589     0.0589     1.0000
   4361.2400   436.6277     0.9706     0.0543     0.0543     1.0000
   4361.2800   439.3813     0.9502     0.0590     0.0590     1.0000
   4361.3200   442.1349     1.0243     0.0600     0.0600     1.0000
   4361.3600   444.8885     1.0021     0.0599     0.0599     1.0000
   4361.4000   447.6421     1.0596     0.0606     0.0606     1.0000
   4361.4400   450.3958     1.0089     0.0600     0.0600     1.0000
   4361.4800   453.1494     1.0206     0.0600     0.0600     1.0000
   4361.5200   455.9030     1.0407     0.0603     0.0603     1.0000
   4361.5600   458.6566     1.0234     0.0604     0.0604     1.0000
   4361.6000   461.4102     1.0261     0.0606     0.0606     1.0000
   4361.6400   464.1638     1.0000    -1.0000    -1.0000     1.0000
   4361.6800   466.9174     1.1273     0.0617     0.0617     1.0000
   4361.7200   469.6710     1.0544     0.0610     0.0610     1.0000
   4361.7600   472.4246     0.9969     0.0607     0.0607     1.0000
   4361.8000   475.1783     1.1318     0.0617     0.0617     1.0000
   4361.8400   477.9319     0.9919     0.0599     0.0599     1.0000
   4361.8800   480.6855     1.0442     0.0604     0.0604     1.0000
   4361.9200   483.4391     0.9774     0.0597     0.0597     1.0000
   4361.9600   486.1927     1.0193     0.0604     0.0604     1.0000
   4362.0000   488.9463     0.9897     0.0603     0.0603     1.0000
   4362.0400   491.6999     1.0246     0.0609     0.0609     1.0000
   4362.0800   494.4535     1.0076     0.0604     0.0604     1.0000
   4362.1200   497.2072     0.9547     0.0597     0.0597     1.0000
   4362.1600   499.9608     0.9882     0.0604     0.0604     1.0000
   4362.2000   502.7144     0.9764     0.0603     0.0603     1.0000
   4362.2400   505.4680     1.0590     0.0610     0.0610     1.0000
   4362.2800   508.2216     0.9421     0.0601     0.0601     1.0000
   4362.3200   510.9752     0.9444     0.0599     0.0599     1.0000
   4362.3600   513.7288     0.9793     0.0603     0.0603     1.0000
   4362.4000   516.4824     1.0399     0.0610     0.0610     1.0000
   4362.4400   519.2361     1.0500     0.0613     0.0613     1.0000
   4362.4800   521.9897     0.9908     0.0609     0.0609     1.0000
   4362.5200   524.7433     1.0532     0.0613     0.0613     1.0000
   4362.5600   527.4969     1.0259     0.0610     0.0610     1.0000
   4362.6000   530.2505     0.9484     0.0601     0.0601     1.0000
   4362.6400   533.0041     0.9712     0.0601     0.0601     1.0000
   4362.6800   535.7577     0.9969     0.0605     0.0605     1.0000
   4362.7200   538.5113     1.0982     0.0619     0.0619     1.0000
   4362.7600   541.2650     0.9297     0.0602     0.0602     1.0000
   4362.8000   544.0186     0.9399     0.0603     0.0603     1.0000
   4362.8400   546.7722     1.0295     0.0614     0.0614     1.0000
   4362.8800   549.5258     0.9732     0.0608     0.0608     1.0000
   4362.9200   552.2794     0.9351     0.0600     0.0600     1.0000
   4362.9600   555.0330     0.9579     0.0601     0.0601     1.0000
   4363.0000   557.7866     1.0138     0.0611     0.0611     1.0000
   4363.0400   560.5402     0.8794     0.0598     0.0598     1.0000
   4363.0800   563.2939     0.9623     0.0610     0.0610     1.0000
   4363.1200   566.0475     0.9386     0.0608     0.0608     1.0000
   4363.1600   568.8011     0.9180     0.0605     0.0605     1.0000
   4363.2000   571.5547     1.0369     0.0613     0.0613     1.0000
   4363.2400   574.3083     0.9942     0.0611     0.0611     1.0000
   4363.2800   577.0619     1.0456     0.0621     0.0621     1.0000
   4363.3200   579.8155     0.9082     0.0603     0.0603     1.0000
   4363.3600   582.5691     1.0271     0.0614     0.0614     1.0000
   4363.4000   585.3227     1.0267     0.0618     0.0618     1.0000
   4363.4400   588.0764     0.9921     0.0614     0.0614     1.0000
   4363.4800   590.8300     0.9663     0.0608     0.0608     1.0000
   4363.5200   593.5836     1.0644     0.0621     0.0621     1.0000
   4363.5600   596.3372     1.0876     0.0623     0.0623     1.0000
   4363.6000   599.0908     1.0505     0.0620     0.0620     1.0000
   4363.6400   601.8444     0.9915     0.0615     0.0615     1.0000
   4363.6800   604.5980     0.9913     0.0615     0.0615     1.0000
   4363.7200   607.3516     1.0065     0.0618     0.0618     1.0000
   4363.7600   610.1053     1.0622     0.0623     0.0623     1.0000
   4363.8000   612.8589     1.0057     0.0616     0.0616     1.0000
   4363.8400   615.6125     0.9961     0.0616     0.0616     1.0000
   4363.8800   618.3661     0.9568     0.0614     0.0614     1.0000
   4363.9200   621.1197     0.9546     0.0614     0.0614     1.0000
   4363.9600   623.8733     0.9899     0.0617     0.0617     1.0000
