 4041.0400   -599.8398    1.1044    0.1116    0.1116    1.0000
 4041.0800   -596.8762    0.9809    0.1092    0.1092    1.0000
 4041.1200   -593.9127    1.0710    0.1097    0.1097    1.0000
 4041.1600   -590.9491    1.0668    0.1102    0.1102    1.0000
 4041.2000   -587.9855    1.0591    0.1102    0.1102    1.0000
 4041.2400   -585.0219    1.0443    0.1095    0.1095    1.0000
 4041.2800   -582.0583    1.0631    0.1102    0.1102    1.0000
 4041.3200   -579.0947    0.9752    0.1092    0.1092    1.0000
 4041.3600   -576.1311    1.1105    0.1091    0.1091    1.0000
 4041.4000   -573.1675    1.1379    0.1095    0.1095    1.0000
 4041.4400   -570.2039    1.0849    0.1099    0.1099    1.0000
 4041.4800   -567.2403    0.8808    0.1086    0.1086    1.0000
 4041.5200   -564.2767    0.9366    0.1090    0.1090    1.0000
 4041.5600   -561.3131    0.9794    0.1091    0.1091    1.0000
 4041.6000   -558.3495    1.0259    0.1090    0.1090    1.0000
 4041.6400   -555.3859    1.0802    0.1102    0.1102    1.0000
 4041.6800   -552.4223    0.9927    0.1087    0.1087    1.0000
 4041.7200   -549.4587    1.0946    0.1101    0.1101    1.0000
 4041.7600   -546.4951    1.0459    0.1096    0.1096    1.0000
 4041.8000   -543.5315    0.9105    0.1083    0.1083    1.0000
 4041.8400   -540.5679    0.8527    0.1077    0.1077    1.0000
 4041.8800   -537.6043    0.9832    0.1083    0.1083    1.0000
 4041.9200   -534.6407    1.0240    0.1085    0.1085    1.0000
 4041.9600   -531.6772    0.9626    0.1082    0.1082    1.0000
 4042.0000   -528.7136    1.0314    0.1087    0.1087    1.0000
 4042.0400   -525.7500    1.0818    0.1092    0.1092    1.0000
 4042.0800   -522.7864    1.0974    0.1094    0.1094    1.0000
 4042.1200   -519.8228    0.9668    0.1087    0.1087    1.0000
 4042.1600   -516.8592    0.8239    0.1075    0.1075    1.0000
 4042.2000   -513.8956    0.9053    0.1079    0.1079    1.0000
 4042.2400   -510.9320    1.0918    0.1097    0.1097    1.0000
 4042.2800   -507.9684    0.9920    0.1087    0.1087    1.0000
 4042.3200   -505.0048    0.9813    0.1084    0.1084    1.0000
 4042.3600   -502.0412    1.0761    0.1100    0.1100    1.0000
 4042.4000   -499.0776    0.8658    0.1079    0.1079    1.0000
 4042.4400   -496.1140    1.0593    0.1088    0.1088    1.0000
 4042.4800   -493.1504    1.0000    0.1086    0.1086    1.0000
 4042.5200   -490.1868    0.9407    0.1082    0.1082    1.0000
 4042.5600   -487.2232    0.9697    0.1087    0.1087    1.0000
 4042.6000   -484.2596    0.9857    0.1084    0.1084    1.0000
 4042.6400   -481.2960    0.8230    0.1069    0.1069    1.0000
 4042.6800   -478.3324    1.0867    0.1094    0.1094    1.0000
 4042.7200   -475.3688    1.0827    0.1091    0.1091    1.0000
 4042.7600   -472.4053    1.0320    0.1090    0.1090    1.0000
 4042.8000   -469.4417    1.0084    0.1089    0.1089    1.0000
 4042.8400   -466.4781    0.9552    0.1075    0.1075    1.0000
 4042.8800   -463.5145    0.9611    0.1076    0.1076    1.0000
 4042.9200   -460.5509    1.0402    0.1089    0.1089    1.0000
 4042.9600   -457.5873    1.0100    0.1088    0.1088    1.0000
 4043.0000   -454.6237    0.9897    0.1080    0.1080    1.0000
 4043.0400   -451.6601    0.9239    0.1069    0.1069    1.0000
 4043.0800   -448.6965    0.8324    0.1068    0.1068    1.0000
 4043.1200   -445.7329    1.0029    0.1082    0.1082    1.0000
 4043.1600   -442.7693    0.8639    0.1070    0.1070    1.0000
 4043.2000   -439.8057    1.0619    0.1096    0.1096    1.0000
 4043.2400   -436.8421    0.9727    0.1079    0.1079    1.0000
 4043.2800   -433.8785    1.0499    0.1085    0.1085    1.0000
 4043.3200   -430.9149    0.9064    0.1075    0.1075    1.0000
 4043.3600   -427.9513    0.9096    0.1078    0.1078    1.0000
 4043.4000   -424.9877    1.0911    0.1088    0.1088    1.0000
 4043.4400   -422.0241    0.9543    0.1073    0.1073    1.0000
 4043.4800   -419.0605    0.8311    0.1058    0.1058    1.0000
 4043.5200   -416.0969    1.0347    0.1070    0.1070    1.0000
 4043.5600   -413.1333    1.1653    0.1084    0.1084    1.0000
 4043.6000   -410.1698    1.0507    0.1075    0.1075    1.0000
 4043.6400   -407.2062    1.2043    0.1086    0.1086    1.0000
 4043.6800   -404.2426    1.0589    0.1072    0.1072    1.0000
 4043.7200   -401.2790    1.0403    0.1064    0.1064    1.0000
 4043.7600   -398.3154    0.9705    0.1060    0.1060    1.0000
 4043.8000   -395.3518    0.9531    0.1059    0.1059    1.0000
 4043.8400   -392.3882    1.0145    0.1061    0.1061    1.0000
 4043.8800   -389.4246    1.0495    0.1061    0.1061    1.0000
 4043.9200   -386.4610    0.9933    0.1064    0.1064    1.0000
 4043.9600   -383.4974    0.9792    0.1058    0.1058    1.0000
 4044.0000   -380.5338    1.0943    0.1064    0.1064    1.0000
 4044.0400   -377.5702    1.0721    0.1065    0.1065    1.0000
 4044.0800   -374.6066    0.9592    0.1058    0.1058    1.0000
 4044.1200   -371.6430    0.8886    0.1048    0.1048    1.0000
 4044.1600   -368.6794    0.9090    0.1049    0.1049    1.0000
 4044.2000   -365.7158    0.9302    0.1047    0.1047    1.0000
 4044.2400   -362.7522    0.9801    0.1055    0.1055    1.0000
 4044.2800   -359.7886    1.0445    0.1059    0.1059    1.0000
 4044.3200   -356.8250    0.9315    0.1049    0.1049    1.0000
 4044.3600   -353.8614    1.1265    0.1068    0.1068    1.0000
 4044.4000   -350.8979    1.1167    0.1067    0.1067    1.0000
 4044.4400   -347.9343    0.8434    0.1045    0.1045    1.0000
 4044.4800   -344.9707    0.9019    0.1039    0.1039    1.0000
 4044.5200   -342.0071    1.0603    0.1057    0.1057    1.0000
 4044.5600   -339.0435    0.9427    0.1051    0.1051    1.0000
 4044.6000   -336.0799    1.0495    0.1058    0.1058    1.0000
 4044.6400   -333.1163    1.0333    0.1057    0.1057    1.0000
 4044.6800   -330.1527    1.0690    0.1063    0.1063    1.0000
 4044.7200   -327.1891    0.9603    0.1046    0.1046    1.0000
 4044.7600   -324.2255    0.8795    0.1042    0.1042    1.0000
 4044.8000   -321.2619    0.9564    0.1046    0.1046    1.0000
 4044.8400   -318.2983    1.0476    0.1053    0.1053    1.0000
 4044.8800   -315.3347    1.0615    0.1056    0.1056    1.0000
 4044.9200   -312.3711    1.0981    0.1060    0.1060    1.0000
 4044.9600   -309.4075    0.9216    0.1038    0.1038    1.0000
 4045.0000   -306.4439    0.9673    0.1044    0.1044    1.0000
 4045.0400   -303.4803    1.0290    0.1047    0.1047    1.0000
 4045.0800   -300.5167    0.9935    0.1044    0.1044    1.0000
 4045.1200   -297.5531    1.0145    0.1043    0.1043    1.0000
 4045.1600   -294.5895    1.0705    0.1045    0.1045    1.0000
 4045.2000   -291.6259    0.9181    0.1032    0.1032    1.0000
 4045.2400   -288.6624    1.0722    0.1048    0.1048    1.0000
 4045.2800   -285.6988    1.1175    0.1051    0.1051    1.0000
 4045.3200   -282.7352    0.9822    0.1037    0.1037    1.0000
 4045.3600   -279.7716    0.9056    0.1033    0.1033    1.0000
 4045.4000   -276.8080    0.9836    0.1044    0.1044    1.0000
 4045.4400   -273.8444    1.1224    0.1060    0.1060    1.0000
 4045.4800   -270.8808    1.1070    0.1055    0.1055    1.0000
 4045.5200   -267.9172    1.0928    0.1054    0.1054    1.0000
 4045.5600   -264.9536    0.9496    0.1036    0.1036    1.0000
 4045.6000   -261.9900    1.0446    0.1052    0.1052    1.0000
 4045.6400   -259.0264    1.0677    0.1049    0.1049    1.0000
 4045.6800   -256.0628    1.0624    0.1044    0.1044    1.0000
 4045.7200   -253.0992    0.9620    0.1044    0.1044    1.0000
 4045.7600   -250.1356    1.1209    0.1059    0.1059    1.0000
 4045.8000   -247.1720    1.0697    0.1049    0.1049    1.0000
 4045.8400   -244.2084    0.9767    0.1041    0.1041    1.0000
 4045.8800   -241.2448    0.9225    0.1043    0.1043    1.0000
 4045.9200   -238.2812    0.9326    0.1041    0.1041    1.0000
 4045.9600   -235.3176    1.0068    0.1039    0.1039    1.0000
 4046.0000   -232.3540    1.0296    0.1046    0.1046    1.0000
 4046.0400   -229.3905    1.0833    0.1047    0.1047    1.0000
 4046.0800   -226.4269    0.9982    0.1035    0.1035    1.0000
 4046.1200   -223.4633    0.9878    0.1036    0.1036    1.0000
 4046.1600   -220.4997    0.9053    0.1037    0.1037    1.0000
 4046.2000   -217.5361    0.8450    0.1045    0.1045    1.0000
 4046.2400   -214.5725    0.9227    0.1044    0.1044    1.0000
 4046.2800   -211.6089    1.0054    0.1036    0.1036    1.0000
 4046.3200   -208.6453    1.0916    0.1049    0.1049    1.0000
 4046.3600   -205.6817    1.0337    0.1044    0.1044    1.0000
 4046.4000   -202.7181    0.9524    0.1029    0.1029    1.0000
 4046.4400   -199.7545    1.0279    0.1039    0.1039    1.0000
 4046.4800   -196.7909    0.9028    0.1028    0.1028    1.0000
 4046.5200   -193.8273    0.9781    0.1032    0.1032    1.0000
 4046.5600   -190.8637    1.0344    0.1029    0.1029    1.0000
 4046.6000   -187.9001    0.9714    0.1024    0.1024    1.0000
 4046.6400   -184.9365    1.0113    0.1028    0.1028    1.0000
 4046.6800   -181.9729    1.0746    0.1036    0.1036    1.0000
 4046.7200   -179.0093    0.9552    0.1024    0.1024    1.0000
 4046.7600   -176.0457    0.9856    0.1031    0.1031    1.0000
 4046.8000   -173.0821    0.8378    0.1019    0.1019    1.0000
 4046.8400   -170.1185    0.8508    0.1019    0.1019    1.0000
 4046.8800   -167.1550    0.9353    0.1019    0.1019    1.0000
 4046.9200   -164.1914    0.8936    0.1010    0.1010    1.0000
 4046.9600   -161.2278    1.0273    0.1026    0.1026    1.0000
 4047.0000   -158.2642    0.8751    0.1017    0.1017    1.0000
 4047.0400   -155.3006    1.0555    0.1028    0.1028    1.0000
 4047.0800   -152.3370    0.9781    0.1018    0.1018    1.0000
 4047.1200   -149.3734    0.9358    0.1012    0.1012    1.0000
 4047.1600   -146.4098    1.1255    0.1028    0.1028    1.0000
 4047.2000   -143.4462    0.9593    0.1013    0.1013    1.0000
 4047.2400   -140.4826    0.8483    0.1009    0.1009    1.0000
 4047.2800   -137.5190    0.9121    0.1012    0.1012    1.0000
 4047.3200   -134.5554    1.0199    0.1020    0.1020    1.0000
 4047.3600   -131.5918    1.1441    0.1032    0.1032    1.0000
 4047.4000   -128.6282    1.1309    0.1033    0.1033    1.0000
 4047.4400   -125.6646    0.9604    0.1014    0.1014    1.0000
 4047.4800   -122.7010    1.1292    0.1026    0.1026    1.0000
 4047.5200   -119.7374    1.1893    0.1028    0.1028    1.0000
 4047.5600   -116.7738    1.1566    0.1028    0.1028    1.0000
 4047.6000   -113.8102    1.0867    0.1027    0.1027    1.0000
 4047.6400   -110.8466    0.9117    0.1015    0.1015    1.0000
 4047.6800   -107.8831    0.9930    0.1016    0.1016    1.0000
 4047.7200   -104.9195    0.9666    0.1016    0.1016    1.0000
 4047.7600   -101.9559    0.9939    0.1012    0.1012    1.0000
 4047.8000    -98.9923    0.9105    0.1007    0.1007    1.0000
 4047.8400    -96.0287    1.0457    0.1022    0.1022    1.0000
 4047.8800    -93.0651    1.0114    0.1021    0.1021    1.0000
 4047.9200    -90.1015    0.9562    0.1015    0.1015    1.0000
 4047.9600    -87.1379    0.9341    0.1009    0.1009    1.0000
 4048.0000    -84.1743    1.0313    0.1021    0.1021    1.0000
 4048.0400    -81.2107    0.9988    0.1015    0.1015    1.0000
 4048.0800    -78.2471    0.9403    0.1011    0.1011    1.0000
 4048.1200    -75.2835    0.9360    0.1011    0.1011    1.0000
 4048.1600    -72.3199    0.9920    0.1011    0.1011    1.0000
 4048.2000    -69.3563    1.1376    0.1025    0.1025    1.0000
 4048.2400    -66.3927    1.0114    0.1017    0.1017    1.0000
 4048.2800    -63.4291    0.9500    0.1005    0.1005    1.0000
 4048.3200    -60.4655    0.9888    0.1013    0.1013    1.0000
 4048.3600    -57.5019    1.0909    0.1021    0.1021    1.0000
 4048.4000    -54.5383    1.1021    0.1019    0.1019    1.0000
 4048.4400    -51.5747    1.0233    0.1014    0.1014    1.0000
 4048.4800    -48.6111    0.9700    0.1009    0.1009    1.0000
 4048.5200    -45.6476    1.0379    0.1016    0.1016    1.0000
 4048.5600    -42.6840    1.0225    0.1014    0.1014    1.0000
 4048.6000    -39.7204    1.0620    0.1021    0.1021    1.0000
 4048.6400    -36.7568    1.0341    0.1013    0.1013    1.0000
 4048.6800    -33.7932    0.9937    0.1012    0.1012    1.0000
 4048.7200    -30.8296    1.0352    0.1021    0.1021    1.0000
 4048.7600    -27.8660    0.8818    0.1006    0.1006    1.0000
 4048.8000    -24.9024    0.9370    0.1011    0.1011    1.0000
 4048.8400    -21.9388    0.8619    0.1009    0.1009    1.0000
 4048.8800    -18.9752    1.0412    0.1019    0.1019    1.0000
 4048.9200    -16.0116    0.9739    0.1012    0.1012    1.0000
 4048.9600    -13.0480    1.0981    0.1024    0.1024    1.0000
 4049.0000    -10.0844    0.9248    0.1007    0.1007    1.0000
 4049.0400     -7.1208    1.0145    0.1014    0.1014    1.0000
 4049.0800     -4.1572    1.0288    0.1014    0.1014    1.0000
 4049.1200     -1.1936    1.1042    0.1023    0.1023    1.0000
 4049.1600      1.7700    1.0273    0.1025    0.1025    1.0000
 4049.2000      4.7336    1.0132    0.1013    0.1013    1.0000
 4049.2400      7.6972    0.9527    0.1007    0.1007    1.0000
 4049.2800     10.6608    0.9428    0.1011    0.1011    1.0000
 4049.3200     13.6243    1.0768    0.1013    0.1013    1.0000
 4049.3600     16.5879    0.9467    0.1000    0.1000    1.0000
 4049.4000     19.5515    0.7959    0.0989    0.0989    1.0000
 4049.4400     22.5151    0.9552    0.1004    0.1004    1.0000
 4049.4800     25.4787    1.1244    0.1016    0.1016    1.0000
 4049.5200     28.4423    1.0688    0.1013    0.1013    1.0000
 4049.5600     31.4059    1.0227    0.1007    0.1007    1.0000
 4049.6000     34.3695    0.9052    0.1001    0.1001    1.0000
 4049.6400     37.3331    0.9826    0.1001    0.1001    1.0000
 4049.6800     40.2967    0.9824    0.1001    0.1001    1.0000
 4049.7200     43.2603    1.0304    0.1007    0.1007    1.0000
 4049.7600     46.2239    0.9477    0.0998    0.0998    1.0000
 4049.8000     49.1875    0.9804    0.0997    0.0997    1.0000
 4049.8400     52.1511    1.0424    0.1010    0.1010    1.0000
 4049.8800     55.1147    1.0337    0.1005    0.1005    1.0000
 4049.9200     58.0783    0.9233    0.0996    0.0996    1.0000
 4049.9600     61.0419    0.9972    0.1005    0.1005    1.0000
 4050.0000     64.0055    0.9616    0.0996    0.0996    1.0000
 4050.0400     66.9691    0.8682    0.0987    0.0987    1.0000
 4050.0800     69.9327    0.9121    0.0993    0.0993    1.0000
 4050.1200     72.8963    1.0945    0.1004    0.1004    1.0000
 4050.1600     75.8598    0.8666    0.0987    0.0987    1.0000
 4050.2000     78.8234    1.0450    0.1004    0.1004    1.0000
 4050.2400     81.7870    1.0577    0.1004    0.1004    1.0000
 4050.2800     84.7506    1.0647    0.1002    0.1002    1.0000
 4050.3200     87.7142    1.1398    0.1004    0.1004    1.0000
 4050.3600     90.6778    1.0884    0.1000    0.1000    1.0000
 4050.4000     93.6414    1.0214    0.0990    0.0990    1.0000
 4050.4400     96.6050    1.1226    0.1002    0.1002    1.0000
 4050.4800     99.5686    1.1941    0.1005    0.1005    1.0000
 4050.5200    102.5322    0.9471    0.0988    0.0988    1.0000
 4050.5600    105.4958    1.0056    0.0998    0.0998    1.0000
 4050.6000    108.4594    0.9340    0.0991    0.0991    1.0000
 4050.6400    111.4230    0.9536    0.0991    0.0991    1.0000
 4050.6800    114.3866    0.9378    0.0990    0.0990    1.0000
 4050.7200    117.3502    1.0000    0.0997    0.0997    1.0000
 4050.7600    120.3138    1.0456    0.1001    0.1001    1.0000
 4050.8000    123.2774    1.0410    0.0996    0.0996    1.0000
 4050.8400    126.2410    1.0424    0.0994    0.0994    1.0000
 4050.8800    129.2046    1.0085    0.0989    0.0989    1.0000
 4050.9200    132.1682    0.9242    0.0982    0.0982    1.0000
 4050.9600    135.1317    1.0366    0.0993    0.0993    1.0000
 4051.0000    138.0953    1.0400    0.0999    0.0999    1.0000
 4051.0400    141.0589    0.9069    0.0986    0.0986    1.0000
 4051.0800    144.0225    0.9108    0.0982    0.0982    1.0000
 4051.1200    146.9861    1.0304    0.0995    0.0995    1.0000
 4051.1600    149.9497    1.1276    0.1007    0.1007    1.0000
 4051.2000    152.9133    0.9984    0.0996    0.0996    1.0000
 4051.2400    155.8769    0.9524    0.0985    0.0985    1.0000
 4051.2800    158.8405    1.0177    0.0985    0.0985    1.0000
 4051.3200    161.8041    0.9524    0.0984    0.0984    1.0000
 4051.3600    164.7677    0.9655    0.0987    0.0987    1.0000
 4051.4000    167.7313    0.9527    0.0990    0.0990    1.0000
 4051.4400    170.6949    1.0843    0.1004    0.1004    1.0000
 4051.4800    173.6585    0.8582    0.0985    0.0985    1.0000
 4051.5200    176.6221    0.9195    0.0988    0.0988    1.0000
 4051.5600    179.5857    0.8539    0.0978    0.0978    1.0000
 4051.6000    182.5493    0.9614    0.0983    0.0983    1.0000
 4051.6400    185.5129    0.9773    0.0981    0.0981    1.0000
 4051.6800    188.4765    0.9420    0.0987    0.0987    1.0000
 4051.7200    191.4401    1.0712    0.1000    0.1000    1.0000
 4051.7600    194.4036    1.0664    0.0997    0.0997    1.0000
 4051.8000    197.3672    1.0412    0.1001    0.1001    1.0000
 4051.8400    200.3308    1.0129    0.0995    0.0995    1.0000
 4051.8800    203.2944    0.8573    0.0984    0.0984    1.0000
 4051.9200    206.2580    0.9579    0.0997    0.0997    1.0000
 4051.9600    209.2216    0.9962    0.0995    0.0995    1.0000
 4052.0000    212.1852    0.9979    0.0994    0.0994    1.0000
 4052.0400    215.1488    1.0046    0.0994    0.0994    1.0000
 4052.0800    218.1124    0.8910    0.0980    0.0980    1.0000
 4052.1200    221.0760    1.0215    0.0997    0.0997    1.0000
 4052.1600    224.0396    1.1080    0.1006    0.1006    1.0000
 4052.2000    227.0032    1.0041    0.0999    0.0999    1.0000
 4052.2400    229.9668    1.0114    0.1001    0.1001    1.0000
 4052.2800    232.9304    1.0302    0.1001    0.1001    1.0000
 4052.3200    235.8940    0.9284    0.0986    0.0986    1.0000
 4052.3600    238.8576    1.2114    0.1008    0.1008    1.0000
 4052.4000    241.8212    0.9809    0.0978    0.0978    1.0000
 4052.4400    244.7848    1.1044    0.0999    0.0999    1.0000
 4052.4800    247.7484    0.9451    0.0987    0.0987    1.0000
 4052.5200    250.7120    1.0155    0.0993    0.0993    1.0000
 4052.5600    253.6756    1.0273    0.0994    0.0994    1.0000
 4052.6000    256.6391    1.1028    0.0996    0.0996    1.0000
 4052.6400    259.6027    0.9085    0.0969    0.0969    1.0000
 4052.6800    262.5663    1.0658    0.0989    0.0989    1.0000
 4052.7200    265.5299    1.0109    0.0990    0.0990    1.0000
 4052.7600    268.4935    1.0004    0.0997    0.0997    1.0000
 4052.8000    271.4571    1.0731    0.1001    0.1001    1.0000
 4052.8400    274.4207    1.1398    0.1001    0.1001    1.0000
 4052.8800    277.3843    0.9306    0.0981    0.0981    1.0000
 4052.9200    280.3479    1.1001    0.0996    0.0996    1.0000
 4052.9600    283.3115    1.0433    0.0987    0.0987    1.0000
 4053.0000    286.2751    1.0798    0.0990    0.0990    1.0000
 4053.0400    289.2387    0.9884    0.0983    0.0983    1.0000
 4053.0800    292.2023    0.9694    0.0982    0.0982    1.0000
 4053.1200    295.1659    0.9801    0.0988    0.0988    1.0000
 4053.1600    298.1295    0.8701    0.0977    0.0977    1.0000
 4053.2000    301.0931    1.0054    0.0989    0.0989    1.0000
 4053.2400    304.0567    0.8698    0.0974    0.0974    1.0000
 4053.2800    307.0203    1.0306    0.0987    0.0987    1.0000
 4053.3200    309.9839    0.9917    0.0980    0.0980    1.0000
 4053.3600    312.9475    1.0067    0.0986    0.0986    1.0000
 4053.4000    315.9110    1.0825    0.0997    0.0997    1.0000
 4053.4400    318.8746    0.9425    0.0993    0.0993    1.0000
 4053.4800    321.8382    0.8985    0.0985    0.0985    1.0000
 4053.5200    324.8018    0.8239    0.0973    0.0973    1.0000
 4053.5600    327.7654    0.9828    0.0992    0.0992    1.0000
 4053.6000    330.7290    1.0123    0.0996    0.0996    1.0000
 4053.6400    333.6926    1.0623    0.0994    0.0994    1.0000
 4053.6800    336.6562    1.0161    0.0988    0.0988    1.0000
 4053.7200    339.6198    0.9874    0.0989    0.0989    1.0000
 4053.7600    342.5834    0.9731    0.0990    0.0990    1.0000
 4053.8000    345.5470    1.0726    0.1000    0.1000    1.0000
 4053.8400    348.5106    0.8967    0.0976    0.0976    1.0000
 4053.8800    351.4742    0.9278    0.0978    0.0978    1.0000
 4053.9200    354.4378    1.0684    0.0997    0.0997    1.0000
 4053.9600    357.4014    1.1217    0.0999    0.0999    1.0000
 4054.0000    360.3650    1.0147    0.0984    0.0984    1.0000
 4054.0400    363.3286    1.1132    0.0997    0.0997    1.0000
 4054.0800    366.2922    0.9497    0.0986    0.0986    1.0000
 4054.1200    369.2558    0.9066    0.0983    0.0983    1.0000
 4054.1600    372.2194    0.9510    0.0978    0.0978    1.0000
 4054.2000    375.1830    0.9948    0.0981    0.0981    1.0000
 4054.2400    378.1465    1.0829    0.0992    0.0992    1.0000
 4054.2800    381.1101    1.0467    0.0991    0.0991    1.0000
 4054.3200    384.0737    1.0329    0.0992    0.0992    1.0000
 4054.3600    387.0373    1.0871    0.0999    0.0999    1.0000
 4054.4000    390.0009    1.0815    0.0999    0.0999    1.0000
 4054.4400    392.9645    1.0122    0.0986    0.0986    1.0000
 4054.4800    395.9281    0.9085    0.0980    0.0980    1.0000
 4054.5200    398.8917    0.8688    0.0979    0.0979    1.0000
 4054.5600    401.8553    0.9877    0.0982    0.0982    1.0000
 4054.6000    404.8189    0.9594    0.0979    0.0979    1.0000
 4054.6400    407.7825    0.8812    0.0975    0.0975    1.0000
 4054.6800    410.7461    1.0137    0.0989    0.0989    1.0000
 4054.7200    413.7097    1.2382    0.1012    0.1012    1.0000
 4054.7600    416.6733    0.9885    0.0986    0.0986    1.0000
 4054.8000    419.6369    0.9916    0.0988    0.0988    1.0000
 4054.8400    422.6005    1.0166    0.0993    0.0993    1.0000
 4054.8800    425.5641    0.8982    0.0987    0.0987    1.0000
 4054.9200    428.5277    0.9596    0.0992    0.0992    1.0000
 4054.9600    431.4913    1.0289    0.0992    0.0992    1.0000
 4055.0000    434.4549    1.0705    0.0997    0.0997    1.0000
 4055.0400    437.4184    0.9212    0.0982    0.0982    1.0000
 4055.0800    440.3820    0.9046    0.0979    0.0979    1.0000
 4055.1200    443.3456    0.8289    0.0968    0.0968    1.0000
 4055.1600    446.3092    0.8787    0.0975    0.0975    1.0000
 4055.2000    449.2728    0.9716    0.0988    0.0988    1.0000
 4055.2400    452.2364    1.1163    0.1002    0.1002    1.0000
 4055.2800    455.2000    1.0808    0.0998    0.0998    1.0000
 4055.3200    458.1636    1.1437    0.0993    0.0993    1.0000
 4055.3600    461.1272    1.0736    0.0992    0.0992    1.0000
 4055.4000    464.0908    1.0668    0.0992    0.0992    1.0000
 4055.4400    467.0544    1.1097    0.1001    0.1001    1.0000
 4055.4800    470.0180    0.9982    0.0992    0.0992    1.0000
 4055.5200    472.9816    0.9527    0.0985    0.0985    1.0000
 4055.5600    475.9452    1.0813    0.0995    0.0995    1.0000
 4055.6000    478.9088    1.0687    0.0996    0.0996    1.0000
 4055.6400    481.8724    0.9286    0.0986    0.0986    1.0000
 4055.6800    484.8360    0.9231    0.0987    0.0987    1.0000
 4055.7200    487.7996    0.9699    0.0989    0.0989    1.0000
 4055.7600    490.7632    0.9791    0.0989    0.0989    1.0000
 4055.8000    493.7268    0.8641    0.0977    0.0977    1.0000
 4055.8400    496.6904    1.0204    0.0994    0.0994    1.0000
 4055.8800    499.6539    0.9705    0.0996    0.0996    1.0000
 4055.9200    502.6175    0.8729    0.0982    0.0982    1.0000
 4055.9600    505.5811    0.9373    0.0990    0.0990    1.0000
 4056.0000    508.5447    0.8851    0.0983    0.0983    1.0000
 4056.0400    511.5083    0.9599    0.0994    0.0994    1.0000
 4056.0800    514.4719    0.9642    0.0983    0.0983    1.0000
 4056.1200    517.4355    1.1031    0.0991    0.0991    1.0000
 4056.1600    520.3991    1.0185    0.0989    0.0989    1.0000
 4056.2000    523.3627    1.0326    0.0985    0.0985    1.0000
 4056.2400    526.3263    1.0434    0.0995    0.0995    1.0000
 4056.2800    529.2899    1.0007    0.0990    0.0990    1.0000
 4056.3200    532.2535    1.1347    0.0994    0.0994    1.0000
 4056.3600    535.2171    1.0521    0.0990    0.0990    1.0000
 4056.4000    538.1807    1.0063    0.0984    0.0984    1.0000
 4056.4400    541.1443    0.9978    0.0987    0.0987    1.0000
 4056.4800    544.1079    1.0655    0.0995    0.0995    1.0000
 4056.5200    547.0715    0.9160    0.0981    0.0981    1.0000
 4056.5600    550.0351    1.0906    0.0998    0.0998    1.0000
 4056.6000    552.9987    1.1126    0.0996    0.0996    1.0000
 4056.6400    555.9623    1.1288    0.0998    0.0998    1.0000
 4056.6800    558.9258    1.0487    0.0994    0.0994    1.0000
 4056.7200    561.8894    0.9606    0.0984    0.0984    1.0000
 4056.7600    564.8530    0.9539    0.0982    0.0982    1.0000
 4056.8000    567.8166    1.0176    0.0990    0.0990    1.0000
 4056.8400    570.7802    1.0652    0.0993    0.0993    1.0000
 4056.8800    573.7438    0.9976    0.0981    0.0981    1.0000
 4056.9200    576.7074    1.0063    0.0981    0.0981    1.0000
 4056.9600    579.6710    0.9068    0.0977    0.0977    1.0000
 4057.0000    582.6346    0.9138    0.0982    0.0982    1.0000
 4057.0400    585.5982    1.0277    0.0996    0.0996    1.0000
 4057.0800    588.5618    1.0362    0.0997    0.0997    1.0000
 4057.1200    591.5254    0.9568    0.0989    0.0989    1.0000
 4057.1600    594.4890    0.9399    0.0984    0.0984    1.0000
 4057.2000    597.4526    1.0083    0.0986    0.0986    1.0000
