 4022.5200   -597.8042    0.9844    0.1327    0.1327    1.0000
 4022.5600   -594.8269    0.9606    0.1323    0.1323    1.0000
 4022.6000   -591.8497    1.1159    0.1335    0.1335    1.0000
 4022.6400   -588.8724    0.8538    0.1324    0.1324    1.0000
 4022.6800   -585.8951    1.0949    0.1336    0.1336    1.0000
 4022.7200   -582.9179    0.9531    0.1326    0.1326    1.0000
 4022.7600   -579.9406    0.9272    0.1329    0.1329    1.0000
 4022.8000   -576.9634    0.9955    0.1331    0.1331    1.0000
 4022.8400   -573.9861    1.0408    0.1335    0.1335    1.0000
 4022.8800   -571.0088    1.0251    0.1328    0.1328    1.0000
 4022.9200   -568.0316    1.0738    0.1338    0.1338    1.0000
 4022.9600   -565.0543    0.9179    0.1334    0.1334    1.0000
 4023.0000   -562.0771    1.0369    0.1341    0.1341    1.0000
 4023.0400   -559.0998    1.0290    0.1341    0.1341    1.0000
 4023.0800   -556.1225    0.9484    0.1322    0.1322    1.0000
 4023.1200   -553.1453    1.0026    0.1332    0.1332    1.0000
 4023.1600   -550.1680    0.9929    0.1339    0.1339    1.0000
 4023.2000   -547.1908    1.1686    0.1361    0.1361    1.0000
 4023.2400   -544.2135    1.0760    0.1348    0.1348    1.0000
 4023.2800   -541.2362    1.0729    0.1343    0.1343    1.0000
 4023.3200   -538.2590    0.9606    0.1342    0.1342    1.0000
 4023.3600   -535.2817    0.9784    0.1351    0.1351    1.0000
 4023.4000   -532.3045    0.7599    0.1336    0.1336    1.0000
 4023.4400   -529.3272    0.8912    0.1350    0.1350    1.0000
 4023.4800   -526.3499    0.9764    0.1353    0.1353    1.0000
 4023.5200   -523.3727    0.8878    0.1346    0.1346    1.0000
 4023.5600   -520.3954    0.9026    0.1350    0.1350    1.0000
 4023.6000   -517.4182    1.0057    0.1358    0.1358    1.0000
 4023.6400   -514.4409    0.8794    0.1358    0.1358    1.0000
 4023.6800   -511.4636    1.1046    0.1367    0.1367    1.0000
 4023.7200   -508.4864    0.9465    0.1351    0.1351    1.0000
 4023.7600   -505.5091    0.9498    0.1362    0.1362    1.0000
 4023.8000   -502.5319    1.1972    0.1387    0.1387    1.0000
 4023.8400   -499.5546    0.9542    0.1360    0.1360    1.0000
 4023.8800   -496.5773    1.0202    0.1377    0.1377    1.0000
 4023.9200   -493.6001    0.9545    0.1380    0.1380    1.0000
 4023.9600   -490.6228    0.8014    0.1377    0.1377    1.0000
 4024.0000   -487.6456    0.6840    0.1358    0.1358    1.0000
 4024.0400   -484.6683    1.1089    0.1379    0.1379    1.0000
 4024.0800   -481.6910    1.1023    0.1389    0.1389    1.0000
 4024.1200   -478.7138    0.8471    0.1378    0.1378    1.0000
 4024.1600   -475.7365    1.0156    0.1389    0.1389    1.0000
 4024.2000   -472.7593    1.1315    0.1397    0.1397    1.0000
 4024.2400   -469.7820    0.9974    0.1392    0.1392    1.0000
 4024.2800   -466.8047    1.0563    0.1392    0.1392    1.0000
 4024.3200   -463.8275    0.9783    0.1388    0.1388    1.0000
 4024.3600   -460.8502    0.8855    0.1378    0.1378    1.0000
 4024.4000   -457.8730    0.9551    0.1377    0.1377    1.0000
 4024.4400   -454.8957    1.1000    0.1387    0.1387    1.0000
 4024.4800   -451.9184    1.1181    0.1396    0.1396    1.0000
 4024.5200   -448.9412    0.8812    0.1380    0.1380    1.0000
 4024.5600   -445.9639    1.0785    0.1394    0.1394    1.0000
 4024.6000   -442.9867    0.8591    0.1382    0.1382    1.0000
 4024.6400   -440.0094    1.1617    0.1412    0.1412    1.0000
 4024.6800   -437.0321    1.1562    0.1409    0.1409    1.0000
 4024.7200   -434.0549    0.9680    0.1394    0.1394    1.0000
 4024.7600   -431.0776    0.9603    0.1393    0.1393    1.0000
 4024.8000   -428.1004    1.1316    0.1416    0.1416    1.0000
 4024.8400   -425.1231    0.9524    0.1399    0.1399    1.0000
 4024.8800   -422.1458    1.1231    0.1416    0.1416    1.0000
 4024.9200   -419.1686    1.0306    0.1417    0.1417    1.0000
 4024.9600   -416.1913    0.8655    0.1401    0.1401    1.0000
 4025.0000   -413.2141    0.9938    0.1405    0.1405    1.0000
 4025.0400   -410.2368    1.0885    0.1413    0.1413    1.0000
 4025.0800   -407.2595    1.1875    0.1424    0.1424    1.0000
 4025.1200   -404.2823    1.0438    0.1406    0.1406    1.0000
 4025.1600   -401.3050    1.0344    0.1407    0.1407    1.0000
 4025.2000   -398.3278    1.0658    0.1419    0.1419    1.0000
 4025.2400   -395.3505    0.8614    0.1406    0.1406    1.0000
 4025.2800   -392.3732    0.9435    0.1416    0.1416    1.0000
 4025.3200   -389.3960    0.9151    0.1410    0.1410    1.0000
 4025.3600   -386.4187    1.0220    0.1410    0.1410    1.0000
 4025.4000   -383.4415    0.9300    0.1400    0.1400    1.0000
 4025.4400   -380.4642    1.0247    0.1404    0.1404    1.0000
 4025.4800   -377.4869    1.0171    0.1413    0.1413    1.0000
 4025.5200   -374.5097    1.0396    0.1416    0.1416    1.0000
 4025.5600   -371.5324    0.8603    0.1414    0.1414    1.0000
 4025.6000   -368.5552    0.7692    0.1407    0.1407    1.0000
 4025.6400   -365.5779    1.0906    0.1426    0.1426    1.0000
 4025.6800   -362.6006    1.0440    0.1420    0.1420    1.0000
 4025.7200   -359.6234    1.1659    0.1428    0.1428    1.0000
 4025.7600   -356.6461    0.8502    0.1413    0.1413    1.0000
 4025.8000   -353.6689    1.1786    0.1441    0.1441    1.0000
 4025.8400   -350.6916    0.9942    0.1417    0.1417    1.0000
 4025.8800   -347.7143    1.0520    0.1425    0.1425    1.0000
 4025.9200   -344.7371    1.0544    0.1425    0.1425    1.0000
 4025.9600   -341.7598    0.9129    0.1424    0.1424    1.0000
 4026.0000   -338.7826    0.9655    0.1426    0.1426    1.0000
 4026.0400   -335.8053    0.9278    0.1424    0.1424    1.0000
 4026.0800   -332.8280    0.9043    0.1430    0.1430    1.0000
 4026.1200   -329.8508    1.1758    0.1457    0.1457    1.0000
 4026.1600   -326.8735    1.0214    0.1447    0.1447    1.0000
 4026.2000   -323.8963    1.0320    0.1445    0.1445    1.0000
 4026.2400   -320.9190    0.9557    0.1447    0.1447    1.0000
 4026.2800   -317.9417    1.1506    0.1459    0.1459    1.0000
 4026.3200   -314.9645    0.9628    0.1454    0.1454    1.0000
 4026.3600   -311.9872    1.2482    0.1475    0.1475    1.0000
 4026.4000   -309.0100    1.2598    0.1473    0.1473    1.0000
 4026.4400   -306.0327    1.1077    0.1466    0.1466    1.0000
 4026.4800   -303.0554    1.0144    0.1468    0.1468    1.0000
 4026.5200   -300.0782    1.0097    0.1465    0.1465    1.0000
 4026.5600   -297.1009    0.8968    0.1448    0.1448    1.0000
 4026.6000   -294.1237    1.0918    0.1477    0.1477    1.0000
 4026.6400   -291.1464    1.0126    0.1474    0.1474    1.0000
 4026.6800   -288.1691    0.9640    0.1464    0.1464    1.0000
 4026.7200   -285.1919    1.0678    0.1472    0.1472    1.0000
 4026.7600   -282.2146    0.9366    0.1469    0.1469    1.0000
 4026.8000   -279.2374    1.0284    0.1487    0.1487    1.0000
 4026.8400   -276.2601    0.9374    0.1488    0.1488    1.0000
 4026.8800   -273.2828    0.9424    0.1486    0.1486    1.0000
 4026.9200   -270.3056    0.9755    0.1497    0.1497    1.0000
 4026.9600   -267.3283    1.0061    0.1499    0.1499    1.0000
 4027.0000   -264.3511    1.0036    0.1496    0.1496    1.0000
 4027.0400   -261.3738    0.9914    0.1499    0.1499    1.0000
 4027.0800   -258.3965    0.8816    0.1507    0.1507    1.0000
 4027.1200   -255.4193    0.8206    0.1510    0.1510    1.0000
 4027.1600   -252.4420    0.8252    0.1508    0.1508    1.0000
 4027.2000   -249.4648    1.0143    0.1511    0.1511    1.0000
 4027.2400   -246.4875    0.7731    0.1507    0.1507    1.0000
 4027.2800   -243.5102    0.8844    0.1528    0.1528    1.0000
 4027.3200   -240.5330    1.1794    0.1532    0.1532    1.0000
 4027.3600   -237.5557    1.1898    0.1535    0.1535    1.0000
 4027.4000   -234.5785    1.0559    0.1526    0.1526    1.0000
 4027.4400   -231.6012    1.1418    0.1540    0.1540    1.0000
 4027.4800   -228.6239    1.0734    0.1534    0.1534    1.0000
 4027.5200   -225.6467    0.9561    0.1524    0.1524    1.0000
 4027.5600   -222.6694    1.0721    0.1543    0.1543    1.0000
 4027.6000   -219.6922    1.0610    0.1539    0.1539    1.0000
 4027.6400   -216.7149    0.7876    0.1529    0.1529    1.0000
 4027.6800   -213.7376    0.9564    0.1538    0.1538    1.0000
 4027.7200   -210.7604    1.1336    0.1543    0.1543    1.0000
 4027.7600   -207.7831    1.0771    0.1534    0.1534    1.0000
 4027.8000   -204.8059    0.9039    0.1524    0.1524    1.0000
 4027.8400   -201.8286    0.9772    0.1523    0.1523    1.0000
 4027.8800   -198.8513    1.0375    0.1528    0.1528    1.0000
 4027.9200   -195.8741    1.0363    0.1551    0.1551    1.0000
 4027.9600   -192.8968    1.0247    0.1541    0.1541    1.0000
 4028.0000   -189.9196    1.1823    0.1552    0.1552    1.0000
 4028.0400   -186.9423    0.8855    0.1541    0.1541    1.0000
 4028.0800   -183.9650    0.8490    0.1543    0.1543    1.0000
 4028.1200   -180.9878    0.7621    0.1534    0.1534    1.0000
 4028.1600   -178.0105    1.0748    0.1562    0.1562    1.0000
 4028.2000   -175.0333    1.0193    0.1555    0.1555    1.0000
 4028.2400   -172.0560    0.8094    0.1539    0.1539    1.0000
 4028.2800   -169.0787    0.7464    0.1542    0.1542    1.0000
 4028.3200   -166.1015    1.0037    0.1556    0.1556    1.0000
 4028.3600   -163.1242    1.1227    0.1562    0.1562    1.0000
 4028.4000   -160.1470    0.9567    0.1557    0.1557    1.0000
 4028.4400   -157.1697    0.9820    0.1565    0.1565    1.0000
 4028.4800   -154.1924    0.9071    0.1554    0.1554    1.0000
 4028.5200   -151.2152    0.9348    0.1557    0.1557    1.0000
 4028.5600   -148.2379    1.0331    0.1570    0.1570    1.0000
 4028.6000   -145.2607    1.2516    0.1580    0.1580    1.0000
 4028.6400   -142.2834    1.0902    0.1568    0.1568    1.0000
 4028.6800   -139.3061    0.8026    0.1560    0.1560    1.0000
 4028.7200   -136.3289    0.9523    0.1563    0.1563    1.0000
 4028.7600   -133.3516    1.0188    0.1562    0.1562    1.0000
 4028.8000   -130.3744    0.9347    0.1565    0.1565    1.0000
 4028.8400   -127.3971    0.8743    0.1573    0.1573    1.0000
 4028.8800   -124.4198    0.9164    0.1581    0.1581    1.0000
 4028.9200   -121.4426    1.0954    0.1590    0.1590    1.0000
 4028.9600   -118.4653    1.0765    0.1581    0.1581    1.0000
 4029.0000   -115.4881    0.9912    0.1576    0.1576    1.0000
 4029.0400   -112.5108    0.8398    0.1582    0.1582    1.0000
 4029.0800   -109.5335    0.8204    0.1594    0.1594    1.0000
 4029.1200   -106.5563    0.9664    0.1599    0.1599    1.0000
 4029.1600   -103.5790    1.0955    0.1606    0.1606    1.0000
 4029.2000   -100.6018    0.9458    0.1598    0.1598    1.0000
 4029.2400    -97.6245    0.9992    0.1591    0.1591    1.0000
 4029.2800    -94.6472    1.1707    0.1598    0.1598    1.0000
 4029.3200    -91.6700    1.0773    0.1603    0.1603    1.0000
 4029.3600    -88.6927    1.0882    0.1607    0.1607    1.0000
 4029.4000    -85.7155    1.0945    0.1609    0.1609    1.0000
 4029.4400    -82.7382    1.0015    0.1603    0.1603    1.0000
 4029.4800    -79.7609    0.9520    0.1610    0.1610    1.0000
 4029.5200    -76.7837    0.9423    0.1607    0.1607    1.0000
 4029.5600    -73.8064    0.9315    0.1623    0.1623    1.0000
 4029.6000    -70.8292    0.8407    0.1629    0.1629    1.0000
 4029.6400    -67.8519    0.9452    0.1638    0.1638    1.0000
 4029.6800    -64.8746    1.0277    0.1638    0.1638    1.0000
 4029.7200    -61.8974    1.0627    0.1636    0.1636    1.0000
 4029.7600    -58.9201    1.0120    0.1644    0.1644    1.0000
 4029.8000    -55.9429    1.2206    0.1667    0.1667    1.0000
 4029.8400    -52.9656    0.9037    0.1637    0.1637    1.0000
 4029.8800    -49.9883    1.1102    0.1641    0.1641    1.0000
 4029.9200    -47.0111    1.0351    0.1643    0.1643    1.0000
 4029.9600    -44.0338    1.2622    0.1670    0.1670    1.0000
 4030.0000    -41.0566    1.1196    0.1656    0.1656    1.0000
 4030.0400    -38.0793    1.0596    0.1662    0.1662    1.0000
 4030.0800    -35.1020    0.9429    0.1654    0.1654    1.0000
 4030.1200    -32.1248    0.9916    0.1665    0.1665    1.0000
 4030.1600    -29.1475    0.9286    0.1675    0.1675    1.0000
 4030.2000    -26.1703    0.8058    0.1669    0.1669    1.0000
 4030.2400    -23.1930    1.0019    0.1676    0.1676    1.0000
 4030.2800    -20.2157    0.9836    0.1697    0.1697    1.0000
 4030.3200    -17.2385    1.0005    0.1713    0.1713    1.0000
 4030.3600    -14.2612    0.9584    0.1701    0.1701    1.0000
 4030.4000    -11.2840    0.9014    0.1701    0.1701    1.0000
 4030.4400     -8.3067    1.1020    0.1712    0.1712    1.0000
 4030.4800     -5.3294    0.8299    0.1705    0.1705    1.0000
 4030.5200     -2.3522    0.9552    0.1707    0.1707    1.0000
 4030.5600      0.6251    1.0683    0.1718    0.1718    1.0000
 4030.6000      3.6023    1.0249    0.1719    0.1719    1.0000
 4030.6400      6.5796    1.1016    0.1727    0.1727    1.0000
 4030.6800      9.5569    1.2025    0.1733    0.1733    1.0000
 4030.7200     12.5341    1.0853    0.1734    0.1734    1.0000
 4030.7600     15.5114    0.9885    0.1737    0.1737    1.0000
 4030.8000     18.4886    1.0851    0.1734    0.1734    1.0000
 4030.8400     21.4659    1.3669    0.1737    0.1737    1.0000
 4030.8800     24.4432    1.3072    0.1734    0.1734    1.0000
 4030.9200     27.4204    1.1029    0.1736    0.1736    1.0000
 4030.9600     30.3977    0.8848    0.1736    0.1736    1.0000
 4031.0000     33.3749    0.9080    0.1735    0.1735    1.0000
 4031.0400     36.3522    0.9047    0.1734    0.1734    1.0000
 4031.0800     39.3295    0.9684    0.1743    0.1743    1.0000
 4031.1200     42.3067    0.9968    0.1757    0.1757    1.0000
 4031.1600     45.2840    0.8301    0.1747    0.1747    1.0000
 4031.2000     48.2612    1.1657    0.1769    0.1769    1.0000
 4031.2400     51.2385    0.8107    0.1752    0.1752    1.0000
 4031.2800     54.2158    1.0749    0.1752    0.1752    1.0000
 4031.3200     57.1930    1.0787    0.1764    0.1764    1.0000
 4031.3600     60.1703    1.2149    0.1785    0.1785    1.0000
 4031.4000     63.1475    1.0707    0.1776    0.1776    1.0000
 4031.4400     66.1248    0.9363    0.1764    0.1764    1.0000
 4031.4800     69.1021    1.0093    0.1762    0.1762    1.0000
 4031.5200     72.0793    0.8160    0.1764    0.1764    1.0000
 4031.5600     75.0566    1.0397    0.1787    0.1787    1.0000
 4031.6000     78.0338    0.8427    0.1789    0.1789    1.0000
 4031.6400     81.0111    0.9761    0.1797    0.1797    1.0000
 4031.6800     83.9884    0.9188    0.1798    0.1798    1.0000
 4031.7200     86.9656    1.0538    0.1808    0.1808    1.0000
 4031.7600     89.9429    0.8498    0.1795    0.1795    1.0000
 4031.8000     92.9201    1.0060    0.1797    0.1797    1.0000
 4031.8400     95.8974    0.8568    0.1809    0.1809    1.0000
 4031.8800     98.8747    1.0959    0.1809    0.1809    1.0000
 4031.9200    101.8519    0.9725    0.1812    0.1812    1.0000
 4031.9600    104.8292    0.6210    0.1838    0.1838    1.0000
 4032.0000    107.8064    0.9010    0.1822    0.1822    1.0000
 4032.0400    110.7837    1.0326    0.1144    0.1144    1.0000
 4032.0800    113.7610    1.0093    0.1134    0.1134    1.0000
 4032.1200    116.7382    1.1402    0.1147    0.1147    1.0000
 4032.1600    119.7155    0.9887    0.1145    0.1145    1.0000
 4032.2000    122.6927    0.8474    0.1148    0.1148    1.0000
 4032.2400    125.6700    0.9871    0.1158    0.1158    1.0000
 4032.2800    128.6473    1.0507    0.1155    0.1155    1.0000
 4032.3200    131.6245    1.0409    0.1160    0.1160    1.0000
 4032.3600    134.6018    1.0007    0.1163    0.1163    1.0000
 4032.4000    137.5790    0.9416    0.1156    0.1156    1.0000
 4032.4400    140.5563    0.8614    0.1157    0.1157    1.0000
 4032.4800    143.5336    0.9477    0.1164    0.1164    1.0000
 4032.5200    146.5108    1.0413    0.1160    0.1160    1.0000
 4032.5600    149.4881    0.9941    0.1159    0.1159    1.0000
 4032.6000    152.4653    1.0592    0.1160    0.1160    1.0000
 4032.6400    155.4426    1.0998    0.1158    0.1158    1.0000
 4032.6800    158.4199    1.0681    0.1155    0.1155    1.0000
 4032.7200    161.3971    0.9926    0.1161    0.1161    1.0000
 4032.7600    164.3744    0.9848    0.1161    0.1161    1.0000
 4032.8000    167.3516    0.8207    0.1152    0.1152    1.0000
 4032.8400    170.3289    1.0281    0.1154    0.1154    1.0000
 4032.8800    173.3062    1.0647    0.1156    0.1156    1.0000
 4032.9200    176.2834    1.0450    0.1154    0.1154    1.0000
 4032.9600    179.2607    0.8845    0.1146    0.1146    1.0000
 4033.0000    182.2379    0.9694    0.1147    0.1147    1.0000
 4033.0400    185.2152    1.0105    0.1148    0.1148    1.0000
 4033.0800    188.1925    0.9109    0.1141    0.1141    1.0000
 4033.1200    191.1697    0.9071    0.1143    0.1143    1.0000
 4033.1600    194.1470    1.1656    0.1147    0.1147    1.0000
 4033.2000    197.1242    0.9723    0.1136    0.1136    1.0000
 4033.2400    200.1015    1.0043    0.1135    0.1135    1.0000
 4033.2800    203.0788    1.0513    0.1139    0.1139    1.0000
 4033.3200    206.0560    1.0052    0.1126    0.1126    1.0000
 4033.3600    209.0333    0.9322    0.1126    0.1126    1.0000
 4033.4000    212.0105    1.1418    0.1137    0.1137    1.0000
 4033.4400    214.9878    1.0903    0.1131    0.1131    1.0000
 4033.4800    217.9651    0.9940    0.1125    0.1125    1.0000
 4033.5200    220.9423    1.0103    0.1130    0.1130    1.0000
 4033.5600    223.9196    0.9036    0.1124    0.1124    1.0000
 4033.6000    226.8968    1.0102    0.1128    0.1128    1.0000
 4033.6400    229.8741    1.0876    0.1128    0.1128    1.0000
 4033.6800    232.8514    0.9748    0.1122    0.1122    1.0000
 4033.7200    235.8286    1.0667    0.1121    0.1121    1.0000
 4033.7600    238.8059    1.0233    0.1118    0.1118    1.0000
 4033.8000    241.7831    0.9281    0.1116    0.1116    1.0000
 4033.8400    244.7604    0.9662    0.1118    0.1118    1.0000
 4033.8800    247.7377    0.9770    0.1119    0.1119    1.0000
 4033.9200    250.7149    0.8460    0.1119    0.1119    1.0000
 4033.9600    253.6922    1.0541    0.1123    0.1123    1.0000
 4034.0000    256.6694    1.0119    0.1118    0.1118    1.0000
 4034.0400    259.6467    1.2437    0.1128    0.1128    1.0000
 4034.0800    262.6240    1.0671    0.1116    0.1116    1.0000
 4034.1200    265.6012    1.0507    0.1111    0.1111    1.0000
 4034.1600    268.5785    1.0029    0.1109    0.1109    1.0000
 4034.2000    271.5557    0.9688    0.1105    0.1105    1.0000
 4034.2400    274.5330    0.9490    0.1103    0.1103    1.0000
 4034.2800    277.5103    0.9772    0.1099    0.1099    1.0000
 4034.3200    280.4875    0.9030    0.1101    0.1101    1.0000
 4034.3600    283.4648    0.9782    0.1106    0.1106    1.0000
 4034.4000    286.4420    0.9470    0.1101    0.1101    1.0000
 4034.4400    289.4193    1.0246    0.1108    0.1108    1.0000
 4034.4800    292.3966    0.9481    0.1101    0.1101    1.0000
 4034.5200    295.3738    1.1207    0.1103    0.1103    1.0000
 4034.5600    298.3511    0.9337    0.1168    0.1168    1.0000
 4034.6000    301.3283    0.8525    0.1118    0.1118    1.0000
 4034.6400    304.3056    0.9922    0.1100    0.1100    1.0000
 4034.6800    307.2829    1.1600    0.1102    0.1102    1.0000
 4034.7200    310.2601    1.1457    0.1106    0.1106    1.0000
 4034.7600    313.2374    0.9118    0.1094    0.1094    1.0000
 4034.8000    316.2146    1.1376    0.1102    0.1102    1.0000
 4034.8400    319.1919    1.0286    0.1098    0.1098    1.0000
 4034.8800    322.1692    0.9801    0.1128    0.1128    1.0000
 4034.9200    325.1464    1.0725    0.1105    0.1105    1.0000
 4034.9600    328.1237    0.8192    0.1088    0.1088    1.0000
 4035.0000    331.1009    0.9874    0.1092    0.1092    1.0000
 4035.0400    334.0782    1.0308    0.1096    0.1096    1.0000
 4035.0800    337.0555    0.9708    0.1091    0.1091    1.0000
 4035.1200    340.0327    0.9329    0.1090    0.1090    1.0000
 4035.1600    343.0100    0.9767    0.1092    0.1092    1.0000
 4035.2000    345.9872    1.0302    0.1096    0.1096    1.0000
 4035.2400    348.9645    1.0490    0.1096    0.1096    1.0000
 4035.2800    351.9418    1.0010    0.1103    0.1103    1.0000
 4035.3200    354.9190    0.9187    0.1091    0.1091    1.0000
 4035.3600    357.8963    1.0374    0.1099    0.1099    1.0000
 4035.4000    360.8735    1.0664    0.1098    0.1098    1.0000
 4035.4400    363.8508    0.9644    0.1094    0.1094    1.0000
 4035.4800    366.8281    1.0086    0.1089    0.1089    1.0000
 4035.5200    369.8053    1.1328    0.1093    0.1093    1.0000
 4035.5600    372.7826    0.8891    0.1082    0.1082    1.0000
 4035.6000    375.7598    0.9965    0.1087    0.1087    1.0000
 4035.6400    378.7371    0.9475    0.1081    0.1081    1.0000
 4035.6800    381.7144    1.0487    0.1082    0.1082    1.0000
 4035.7200    384.6916    1.0743    0.1088    0.1088    1.0000
 4035.7600    387.6689    0.9346    0.1079    0.1079    1.0000
 4035.8000    390.6461    1.0592    0.1085    0.1085    1.0000
 4035.8400    393.6234    0.9962    0.1079    0.1079    1.0000
 4035.8800    396.6007    0.8590    0.1075    0.1075    1.0000
 4035.9200    399.5779    0.9755    0.1084    0.1084    1.0000
 4035.9600    402.5552    1.0193    0.1085    0.1085    1.0000
 4036.0000    405.5324    0.8874    0.1086    0.1086    1.0000
 4036.0400    408.5097    1.0559    0.1091    0.1091    1.0000
 4036.0800    411.4870    0.9834    0.1078    0.1078    1.0000
 4036.1200    414.4642    0.9628    0.1078    0.1078    1.0000
 4036.1600    417.4415    1.0568    0.1085    0.1085    1.0000
 4036.2000    420.4187    0.9307    0.1079    0.1079    1.0000
 4036.2400    423.3960    0.9415    0.1083    0.1083    1.0000
 4036.2800    426.3733    1.0886    0.1093    0.1093    1.0000
 4036.3200    429.3505    1.1055    0.1092    0.1092    1.0000
 4036.3600    432.3278    1.0315    0.1080    0.1080    1.0000
 4036.4000    435.3050    0.8926    0.1072    0.1072    1.0000
 4036.4400    438.2823    0.6918    0.1070    0.1070    1.0000
 4036.4800    441.2596    0.7246    0.1553    0.1553    1.0000
 4036.5200    444.2368    1.2236    0.1158    0.1158    1.0000
 4036.5600    447.2141    1.0418    0.1078    0.1078    1.0000
 4036.6000    450.1913    1.1013    0.1092    0.1092    1.0000
 4036.6400    453.1686    0.9757    0.1081    0.1081    1.0000
 4036.6800    456.1459    1.1292    0.1083    0.1083    1.0000
 4036.7200    459.1231    1.0785    0.1077    0.1077    1.0000
 4036.7600    462.1004    0.9746    0.1082    0.1082    1.0000
 4036.8000    465.0776    0.9676    0.1084    0.1084    1.0000
 4036.8400    468.0549    0.9690    0.1076    0.1076    1.0000
 4036.8800    471.0322    0.9414    0.1073    0.1073    1.0000
 4036.9200    474.0094    0.9811    0.1079    0.1079    1.0000
 4036.9600    476.9867    1.0231    0.1078    0.1078    1.0000
 4037.0000    479.9639    1.0313    0.1079    0.1079    1.0000
 4037.0400    482.9412    1.1537    0.1089    0.1089    1.0000
 4037.0800    485.9185    0.8169    0.1070    0.1070    1.0000
 4037.1200    488.8957    0.9430    0.1079    0.1079    1.0000
 4037.1600    491.8730    0.9286    0.1075    0.1075    1.0000
 4037.2000    494.8502    0.9722    0.1082    0.1082    1.0000
 4037.2400    497.8275    1.0177    0.1080    0.1080    1.0000
 4037.2800    500.8048    1.0867    0.1082    0.1082    1.0000
 4037.3200    503.7820    1.1384    0.1082    0.1082    1.0000
 4037.3600    506.7593    1.0573    0.1182    0.1182    1.0000
 4037.4000    509.7365    1.0835    0.1191    0.1191    1.0000
 4037.4400    512.7138    1.2363    0.1205    0.1205    1.0000
 4037.4800    515.6911    0.9485    0.1175    0.1175    1.0000
 4037.5200    518.6683    0.9483    0.1167    0.1167    1.0000
 4037.5600    521.6456    0.9278    0.1170    0.1170    1.0000
 4037.6000    524.6228    1.1812    0.1197    0.1197    1.0000
 4037.6400    527.6001    0.9216    0.1171    0.1171    1.0000
 4037.6800    530.5774    0.9356    0.1170    0.1170    1.0000
 4037.7200    533.5546    1.0016    0.1169    0.1169    1.0000
 4037.7600    536.5319    0.9125    0.1162    0.1162    1.0000
 4037.8000    539.5091    1.0627    0.1172    0.1172    1.0000
 4037.8400    542.4864    0.8517    0.1163    0.1163    1.0000
 4037.8800    545.4637    0.8003    0.1152    0.1152    1.0000
 4037.9200    548.4409    0.5629    0.1138    0.1138    1.0000
 4037.9600    551.4182    0.6147    0.1137    0.1137    1.0000
 4038.0000    554.3954    0.7708    0.1156    0.1156    1.0000
 4038.0400    557.3727    1.0546    0.1167    0.1167    1.0000
 4038.0800    560.3500    1.1306    0.1169    0.1169    1.0000
 4038.1200    563.3272    1.1616    0.1168    0.1168    1.0000
 4038.1600    566.3045    1.0099    0.1157    0.1157    1.0000
 4038.2000    569.2817    0.9573    0.1154    0.1154    1.0000
 4038.2400    572.2590    0.8126    0.1136    0.1136    1.0000
 4038.2800    575.2363    0.7395    0.1133    0.1133    1.0000
 4038.3200    578.2135    0.5826    0.1119    0.1119    1.0000
 4038.3600    581.1908    0.5043    0.1122    0.1122    1.0000
 4038.4000    584.1680    0.7753    0.1139    0.1139    1.0000
 4038.4400    587.1453    0.8060    0.1134    0.1134    1.0000
 4038.4800    590.1226    0.9716    0.1147    0.1147    1.0000
 4038.5200    593.0998    0.7879    0.1126    0.1126    1.0000
 4038.5600    596.0771    1.1051    0.1162    0.1162    1.0000
 4038.6000    599.0543    0.9922    0.1145    0.1145    1.0000
