 3995.2000   -597.7136    0.9200    0.1312    0.1312    1.0000
 3995.2400   -594.7160    1.0280    0.1313    0.1313    1.0000
 3995.2800   -591.7184    0.9557    0.1316    0.1316    1.0000
 3995.3200   -588.7208    0.9292    0.1308    0.1308    1.0000
 3995.3600   -585.7232    0.8792    0.1296    0.1296    1.0000
 3995.4000   -582.7255    1.0513    0.1316    0.1316    1.0000
 3995.4400   -579.7279    0.9653    0.1312    0.1312    1.0000
 3995.4800   -576.7303    0.8519    0.1301    0.1301    1.0000
 3995.5200   -573.7327    1.0019    0.1318    0.1318    1.0000
 3995.5600   -570.7351    0.9111    0.1309    0.1309    1.0000
 3995.6000   -567.7374    0.9627    0.1302    0.1302    1.0000
 3995.6400   -564.7398    0.9711    0.1305    0.1305    1.0000
 3995.6800   -561.7422    0.9251    0.1302    0.1302    1.0000
 3995.7200   -558.7446    0.8258    0.1293    0.1293    1.0000
 3995.7600   -555.7470    1.0199    0.1304    0.1304    1.0000
 3995.8000   -552.7493    1.0245    0.1306    0.1306    1.0000
 3995.8400   -549.7517    0.8511    0.1288    0.1288    1.0000
 3995.8800   -546.7541    0.8353    0.1286    0.1286    1.0000
 3995.9200   -543.7565    0.9365    0.1291    0.1291    1.0000
 3995.9600   -540.7589    0.8395    0.1290    0.1290    1.0000
 3996.0000   -537.7612    1.0458    0.1298    0.1298    1.0000
 3996.0400   -534.7636    0.9148    0.1279    0.1279    1.0000
 3996.0800   -531.7660    0.8170    0.1280    0.1280    1.0000
 3996.1200   -528.7684    0.8625    0.1290    0.1290    1.0000
 3996.1600   -525.7708    1.0396    0.1295    0.1295    1.0000
 3996.2000   -522.7731    1.0453    0.1301    0.1301    1.0000
 3996.2400   -519.7755    0.9320    0.1302    0.1302    1.0000
 3996.2800   -516.7779    0.8371    0.1285    0.1285    1.0000
 3996.3200   -513.7803    1.2058    0.1315    0.1315    1.0000
 3996.3600   -510.7827    1.2212    0.1323    0.1323    1.0000
 3996.4000   -507.7850    0.9719    0.1296    0.1296    1.0000
 3996.4400   -504.7874    1.0511    0.1297    0.1297    1.0000
 3996.4800   -501.7898    1.0620    0.1312    0.1312    1.0000
 3996.5200   -498.7922    0.9402    0.1309    0.1309    1.0000
 3996.5600   -495.7946    0.9334    0.1295    0.1295    1.0000
 3996.6000   -492.7969    1.1048    0.1305    0.1305    1.0000
 3996.6400   -489.7993    1.1826    0.1311    0.1311    1.0000
 3996.6800   -486.8017    1.0495    0.1301    0.1301    1.0000
 3996.7200   -483.8041    1.0326    0.1307    0.1307    1.0000
 3996.7600   -480.8065    1.0783    0.1305    0.1305    1.0000
 3996.8000   -477.8088    1.0146    0.1293    0.1293    1.0000
 3996.8400   -474.8112    1.5795    0.1357    0.1357    1.0000
 3996.8800   -471.8136    1.2226    0.1319    0.1319    1.0000
 3996.9200   -468.8160    1.1477    0.1307    0.1307    1.0000
 3996.9600   -465.8184    1.0858    0.1301    0.1301    1.0000
 3997.0000   -462.8207    1.0286    0.1287    0.1287    1.0000
 3997.0400   -459.8231    1.0928    0.1299    0.1299    1.0000
 3997.0800   -456.8255    0.9699    0.1278    0.1278    1.0000
 3997.1200   -453.8279    1.1064    0.1294    0.1294    1.0000
 3997.1600   -450.8303    1.1672    0.1311    0.1311    1.0000
 3997.2000   -447.8326    1.0737    0.1298    0.1298    1.0000
 3997.2400   -444.8350    0.9708    0.1284    0.1284    1.0000
 3997.2800   -441.8374    0.8797    0.1277    0.1277    1.0000
 3997.3200   -438.8398    0.9719    0.1287    0.1287    1.0000
 3997.3600   -435.8422    0.9561    0.1284    0.1284    1.0000
 3997.4000   -432.8445    0.9313    0.1282    0.1282    1.0000
 3997.4400   -429.8469    1.0316    0.1288    0.1288    1.0000
 3997.4800   -426.8493    0.9677    0.1273    0.1273    1.0000
 3997.5200   -423.8517    0.9657    0.1276    0.1276    1.0000
 3997.5600   -420.8541    0.8881    0.1272    0.1272    1.0000
 3997.6000   -417.8564    0.7628    0.1260    0.1260    1.0000
 3997.6400   -414.8588    1.0466    0.1277    0.1277    1.0000
 3997.6800   -411.8612    1.0200    0.1271    0.1271    1.0000
 3997.7200   -408.8636    1.0537    0.1266    0.1266    1.0000
 3997.7600   -405.8660    1.0985    0.1268    0.1268    1.0000
 3997.8000   -402.8683    0.9873    0.1271    0.1271    1.0000
 3997.8400   -399.8707    0.8019    0.1250    0.1250    1.0000
 3997.8800   -396.8731    0.9371    0.1265    0.1265    1.0000
 3997.9200   -393.8755    0.9736    0.1268    0.1268    1.0000
 3997.9600   -390.8779    1.0250    0.1272    0.1272    1.0000
 3998.0000   -387.8802    1.0350    0.1267    0.1267    1.0000
 3998.0400   -384.8826    0.9880    0.1258    0.1258    1.0000
 3998.0800   -381.8850    0.8633    0.1254    0.1254    1.0000
 3998.1200   -378.8874    0.8131    0.1254    0.1254    1.0000
 3998.1600   -375.8898    0.6371    0.1249    0.1249    1.0000
 3998.2000   -372.8921    0.9806    0.1270    0.1270    1.0000
 3998.2400   -369.8945    0.9230    0.1255    0.1255    1.0000
 3998.2800   -366.8969    0.9410    0.1250    0.1250    1.0000
 3998.3200   -363.8993    1.1752    0.1268    0.1268    1.0000
 3998.3600   -360.9017    1.0756    0.1257    0.1257    1.0000
 3998.4000   -357.9040    0.9422    0.1243    0.1243    1.0000
 3998.4400   -354.9064    1.1703    0.1258    0.1258    1.0000
 3998.4800   -351.9088    0.9933    0.1244    0.1244    1.0000
 3998.5200   -348.9112    0.9529    0.1247    0.1247    1.0000
 3998.5600   -345.9136    0.8542    0.1247    0.1247    1.0000
 3998.6000   -342.9159    1.1057    0.1256    0.1256    1.0000
 3998.6400   -339.9183    1.0325    0.1252    0.1252    1.0000
 3998.6800   -336.9207    1.0619    0.1255    0.1255    1.0000
 3998.7200   -333.9231    0.9660    0.1249    0.1249    1.0000
 3998.7600   -330.9255    1.0967    0.1252    0.1252    1.0000
 3998.8000   -327.9278    0.9722    0.1245    0.1245    1.0000
 3998.8400   -324.9302    1.1408    0.1258    0.1258    1.0000
 3998.8800   -321.9326    0.9874    0.1255    0.1255    1.0000
 3998.9200   -318.9350    0.9390    0.1248    0.1248    1.0000
 3998.9600   -315.9374    1.1236    0.1257    0.1257    1.0000
 3999.0000   -312.9397    0.9003    0.1240    0.1240    1.0000
 3999.0400   -309.9421    1.0892    0.1262    0.1262    1.0000
 3999.0800   -306.9445    0.9539    0.1246    0.1246    1.0000
 3999.1200   -303.9469    0.8381    0.1234    0.1234    1.0000
 3999.1600   -300.9493    1.0383    0.1246    0.1246    1.0000
 3999.2000   -297.9516    0.8883    0.1236    0.1236    1.0000
 3999.2400   -294.9540    1.0491    0.1248    0.1248    1.0000
 3999.2800   -291.9564    0.9673    0.1243    0.1243    1.0000
 3999.3200   -288.9588    1.0585    0.1246    0.1246    1.0000
 3999.3600   -285.9612    0.9928    0.1238    0.1238    1.0000
 3999.4000   -282.9635    0.8907    0.1239    0.1239    1.0000
 3999.4400   -279.9659    0.9259    0.1247    0.1247    1.0000
 3999.4800   -276.9683    0.9973    0.1257    0.1257    1.0000
 3999.5200   -273.9707    0.8404    0.1240    0.1240    1.0000
 3999.5600   -270.9731    0.7742    0.1235    0.1235    1.0000
 3999.6000   -267.9754    0.9875    0.1244    0.1244    1.0000
 3999.6400   -264.9778    1.0841    0.1253    0.1253    1.0000
 3999.6800   -261.9802    1.1082    0.1255    0.1255    1.0000
 3999.7200   -258.9826    1.0703    0.1254    0.1254    1.0000
 3999.7600   -255.9850    0.9623    0.1237    0.1237    1.0000
 3999.8000   -252.9873    0.9269    0.1235    0.1235    1.0000
 3999.8400   -249.9897    1.0492    0.1248    0.1248    1.0000
 3999.8800   -246.9921    1.1221    0.1260    0.1260    1.0000
 3999.9200   -243.9945    1.2069    0.1267    0.1267    1.0000
 3999.9600   -240.9969    0.9163    0.1238    0.1238    1.0000
 4000.0000   -237.9992    1.0501    0.1247    0.1247    1.0000
 4000.0400   -235.0016    1.1432    0.1252    0.1252    1.0000
 4000.0800   -232.0040    1.0930    0.1242    0.1242    1.0000
 4000.1200   -229.0064    1.0131    0.1243    0.1243    1.0000
 4000.1600   -226.0088    1.0942    0.1246    0.1246    1.0000
 4000.2000   -223.0111    1.1208    0.1249    0.1249    1.0000
 4000.2400   -220.0135    1.0324    0.1239    0.1239    1.0000
 4000.2800   -217.0159    1.0769    0.1240    0.1240    1.0000
 4000.3200   -214.0183    1.0717    0.1240    0.1240    1.0000
 4000.3600   -211.0207    1.0000    0.1240    0.1240    1.0000
 4000.4000   -208.0230    0.9049    0.1234    0.1234    1.0000
 4000.4400   -205.0254    0.9881    0.1240    0.1240    1.0000
 4000.4800   -202.0278    0.9978    0.1234    0.1234    1.0000
 4000.5200   -199.0302    0.8618    0.1220    0.1220    1.0000
 4000.5600   -196.0326    1.0400    0.1234    0.1234    1.0000
 4000.6000   -193.0349    1.0783    0.1239    0.1239    1.0000
 4000.6400   -190.0373    1.0442    0.1226    0.1226    1.0000
 4000.6800   -187.0397    1.1402    0.1230    0.1230    1.0000
 4000.7200   -184.0421    1.0589    0.1229    0.1229    1.0000
 4000.7600   -181.0445    0.9710    0.1221    0.1221    1.0000
 4000.8000   -178.0468    1.0332    0.1222    0.1222    1.0000
 4000.8400   -175.0492    0.9788    0.1223    0.1223    1.0000
 4000.8800   -172.0516    0.9063    0.1223    0.1223    1.0000
 4000.9200   -169.0540    0.9367    0.1224    0.1224    1.0000
 4000.9600   -166.0564    0.8105    0.1204    0.1204    1.0000
 4001.0000   -163.0587    1.0356    0.1222    0.1222    1.0000
 4001.0400   -160.0611    0.9894    0.1223    0.1223    1.0000
 4001.0800   -157.0635    0.9235    0.1220    0.1220    1.0000
 4001.1200   -154.0659    1.0866    0.1228    0.1228    1.0000
 4001.1600   -151.0683    1.1073    0.1230    0.1230    1.0000
 4001.2000   -148.0706    1.0368    0.1224    0.1224    1.0000
 4001.2400   -145.0730    0.9042    0.1212    0.1212    1.0000
 4001.2800   -142.0754    1.1470    0.1231    0.1231    1.0000
 4001.3200   -139.0778    0.9885    0.1210    0.1210    1.0000
 4001.3600   -136.0802    1.0042    0.1217    0.1217    1.0000
 4001.4000   -133.0825    0.8631    0.1206    0.1206    1.0000
 4001.4400   -130.0849    0.9951    0.1209    0.1209    1.0000
 4001.4800   -127.0873    1.0696    0.1219    0.1219    1.0000
 4001.5200   -124.0897    0.7671    0.1196    0.1196    1.0000
 4001.5600   -121.0921    0.9015    0.1203    0.1203    1.0000
 4001.6000   -118.0944    0.8754    0.1194    0.1194    1.0000
 4001.6400   -115.0968    1.0270    0.1211    0.1211    1.0000
 4001.6800   -112.0992    0.9040    0.1198    0.1198    1.0000
 4001.7200   -109.1016    0.9319    0.1201    0.1201    1.0000
 4001.7600   -106.1040    0.9761    0.1205    0.1205    1.0000
 4001.8000   -103.1063    0.9239    0.1197    0.1197    1.0000
 4001.8400   -100.1087    1.0301    0.1215    0.1215    1.0000
 4001.8800    -97.1111    1.1497    0.1230    0.1230    1.0000
 4001.9200    -94.1135    1.0584    0.1218    0.1218    1.0000
 4001.9600    -91.1159    0.8860    0.1190    0.1190    1.0000
 4002.0000    -88.1182    0.9690    0.1205    0.1205    1.0000
 4002.0400    -85.1206    0.9689    0.1205    0.1205    1.0000
 4002.0800    -82.1230    0.9728    0.1202    0.1202    1.0000
 4002.1200    -79.1254    1.1010    0.1213    0.1213    1.0000
 4002.1600    -76.1278    1.0174    0.1208    0.1208    1.0000
 4002.2000    -73.1301    1.0003    0.1209    0.1209    1.0000
 4002.2400    -70.1325    0.9292    0.1201    0.1201    1.0000
 4002.2800    -67.1349    0.9964    0.1207    0.1207    1.0000
 4002.3200    -64.1373    0.9418    0.1206    0.1206    1.0000
 4002.3600    -61.1397    1.0323    0.1209    0.1209    1.0000
 4002.4000    -58.1420    0.9629    0.1196    0.1196    1.0000
 4002.4400    -55.1444    1.0806    0.1214    0.1214    1.0000
 4002.4800    -52.1468    0.9439    0.1204    0.1204    1.0000
 4002.5200    -49.1492    1.0748    0.1215    0.1215    1.0000
 4002.5600    -46.1516    0.9083    0.1198    0.1198    1.0000
 4002.6000    -43.1539    1.0958    0.1218    0.1218    1.0000
 4002.6400    -40.1563    1.0973    0.1221    0.1221    1.0000
 4002.6800    -37.1587    0.9504    0.1207    0.1207    1.0000
 4002.7200    -34.1611    1.0346    0.1214    0.1214    1.0000
 4002.7600    -31.1635    1.0106    0.1214    0.1214    1.0000
 4002.8000    -28.1658    1.0373    0.1217    0.1217    1.0000
 4002.8400    -25.1682    1.0442    0.1215    0.1215    1.0000
 4002.8800    -22.1706    1.0677    0.1213    0.1213    1.0000
 4002.9200    -19.1730    0.9796    0.1205    0.1205    1.0000
 4002.9600    -16.1754    0.9245    0.1194    0.1194    1.0000
 4003.0000    -13.1777    0.8966    0.1190    0.1190    1.0000
 4003.0400    -10.1801    0.8984    0.1190    0.1190    1.0000
 4003.0800     -7.1825    1.0031    0.1197    0.1197    1.0000
 4003.1200     -4.1849    1.1254    0.1206    0.1206    1.0000
 4003.1600     -1.1873    1.1446    0.1212    0.1212    1.0000
 4003.2000      1.8104    1.1386    0.1215    0.1215    1.0000
 4003.2400      4.8080    1.0264    0.1202    0.1202    1.0000
 4003.2800      7.8056    0.8472    0.1182    0.1182    1.0000
 4003.3200     10.8032    0.8751    0.1185    0.1185    1.0000
 4003.3600     13.8008    1.0023    0.1193    0.1193    1.0000
 4003.4000     16.7985    1.0597    0.1198    0.1198    1.0000
 4003.4400     19.7961    1.0937    0.1205    0.1205    1.0000
 4003.4800     22.7937    0.9844    0.1198    0.1198    1.0000
 4003.5200     25.7913    1.0371    0.1202    0.1202    1.0000
 4003.5600     28.7889    1.0769    0.1212    0.1212    1.0000
 4003.6000     31.7866    1.0258    0.1201    0.1201    1.0000
 4003.6400     34.7842    1.0751    0.1194    0.1194    1.0000
 4003.6800     37.7818    0.9030    0.1177    0.1177    1.0000
 4003.7200     40.7794    1.0323    0.1197    0.1197    1.0000
 4003.7600     43.7770    0.9047    0.1183    0.1183    1.0000
 4003.8000     46.7747    1.0374    0.1195    0.1195    1.0000
 4003.8400     49.7723    1.0458    0.1194    0.1194    1.0000
 4003.8800     52.7699    0.9647    0.1181    0.1181    1.0000
 4003.9200     55.7675    1.0494    0.1189    0.1189    1.0000
 4003.9600     58.7651    0.9331    0.1181    0.1181    1.0000
 4004.0000     61.7628    0.9727    0.1182    0.1182    1.0000
 4004.0400     64.7604    1.1249    0.1195    0.1195    1.0000
 4004.0800     67.7580    1.0742    0.1187    0.1187    1.0000
 4004.1200     70.7556    1.2370    0.1210    0.1210    1.0000
 4004.1600     73.7532    0.8902    0.1184    0.1184    1.0000
 4004.2000     76.7509    0.9481    0.1187    0.1187    1.0000
 4004.2400     79.7485    1.1530    0.1196    0.1196    1.0000
 4004.2800     82.7461    1.0058    0.1181    0.1181    1.0000
 4004.3200     85.7437    1.0351    0.1188    0.1188    1.0000
 4004.3600     88.7413    0.9361    0.1184    0.1184    1.0000
 4004.4000     91.7390    0.8977    0.1181    0.1181    1.0000
 4004.4400     94.7366    1.1473    0.1203    0.1203    1.0000
 4004.4800     97.7342    0.9582    0.1187    0.1187    1.0000
 4004.5200    100.7318    0.9055    0.1194    0.1194    1.0000
 4004.5600    103.7294    0.8536    0.1180    0.1180    1.0000
 4004.6000    106.7271    0.9345    0.1179    0.1179    1.0000
 4004.6400    109.7247    0.9978    0.1188    0.1188    1.0000
 4004.6800    112.7223    1.0782    0.1193    0.1193    1.0000
 4004.7200    115.7199    0.9271    0.1183    0.1183    1.0000
 4004.7600    118.7175    0.8750    0.1176    0.1176    1.0000
 4004.8000    121.7152    0.9216    0.1175    0.1175    1.0000
 4004.8400    124.7128    0.9250    0.1166    0.1166    1.0000
 4004.8800    127.7104    1.1181    0.1198    0.1198    1.0000
 4004.9200    130.7080    1.0657    0.1194    0.1194    1.0000
 4004.9600    133.7056    1.0519    0.1187    0.1187    1.0000
 4005.0000    136.7033    1.0713    0.1196    0.1196    1.0000
 4005.0400    139.7009    0.8884    0.1169    0.1169    1.0000
 4005.0800    142.6985    1.1349    0.1187    0.1187    1.0000
 4005.1200    145.6961    1.0750    0.1181    0.1181    1.0000
 4005.1600    148.6937    1.0716    0.1185    0.1185    1.0000
 4005.2000    151.6914    0.8765    0.1166    0.1166    1.0000
 4005.2400    154.6890    0.9713    0.1175    0.1175    1.0000
 4005.2800    157.6866    0.9824    0.1174    0.1174    1.0000
 4005.3200    160.6842    0.9245    0.1176    0.1176    1.0000
 4005.3600    163.6818    0.8759    0.1167    0.1167    1.0000
 4005.4000    166.6795    0.9267    0.1175    0.1175    1.0000
 4005.4400    169.6771    1.0362    0.1186    0.1186    1.0000
 4005.4800    172.6747    0.9981    0.1181    0.1181    1.0000
 4005.5200    175.6723    0.9773    0.1188    0.1188    1.0000
 4005.5600    178.6699    0.8683    0.1179    0.1179    1.0000
 4005.6000    181.6676    0.8742    0.1169    0.1169    1.0000
 4005.6400    184.6652    1.0096    0.1187    0.1187    1.0000
 4005.6800    187.6628    0.9263    0.1187    0.1187    1.0000
 4005.7200    190.6604    0.9925    0.1187    0.1187    1.0000
 4005.7600    193.6580    1.0047    0.1189    0.1189    1.0000
 4005.8000    196.6557    0.9522    0.1188    0.1188    1.0000
 4005.8400    199.6533    1.0065    0.1187    0.1187    1.0000
 4005.8800    202.6509    1.0098    0.1185    0.1185    1.0000
 4005.9200    205.6485    0.9952    0.1182    0.1182    1.0000
 4005.9600    208.6461    1.0474    0.1192    0.1192    1.0000
 4006.0000    211.6438    1.0629    0.1196    0.1196    1.0000
 4006.0400    214.6414    1.0199    0.1183    0.1183    1.0000
 4006.0800    217.6390    1.0233    0.1186    0.1186    1.0000
 4006.1200    220.6366    1.0723    0.1187    0.1187    1.0000
 4006.1600    223.6342    1.1749    0.1198    0.1198    1.0000
 4006.2000    226.6319    1.0272    0.1180    0.1180    1.0000
 4006.2400    229.6295    1.0632    0.1176    0.1176    1.0000
 4006.2800    232.6271    1.0520    0.1174    0.1174    1.0000
 4006.3200    235.6247    1.0072    0.1174    0.1174    1.0000
 4006.3600    238.6223    0.9676    0.1175    0.1175    1.0000
 4006.4000    241.6200    0.8689    0.1162    0.1162    1.0000
 4006.4400    244.6176    0.9975    0.1172    0.1172    1.0000
 4006.4800    247.6152    1.1390    0.1189    0.1189    1.0000
 4006.5200    250.6128    1.1100    0.1181    0.1181    1.0000
 4006.5600    253.6104    1.0518    0.1174    0.1174    1.0000
 4006.6000    256.6081    1.0546    0.1174    0.1174    1.0000
 4006.6400    259.6057    1.1607    0.1183    0.1183    1.0000
 4006.6800    262.6033    0.8265    0.1156    0.1156    1.0000
 4006.7200    265.6009    0.8438    0.1158    0.1158    1.0000
 4006.7600    268.5985    0.8668    0.1165    0.1165    1.0000
 4006.8000    271.5962    1.0337    0.1176    0.1176    1.0000
 4006.8400    274.5938    1.0389    0.1171    0.1171    1.0000
 4006.8800    277.5914    1.1041    0.1185    0.1185    1.0000
 4006.9200    280.5890    0.9102    0.1165    0.1165    1.0000
 4006.9600    283.5866    0.9479    0.1167    0.1167    1.0000
 4007.0000    286.5843    0.9376    0.1170    0.1170    1.0000
 4007.0400    289.5819    1.0252    0.1177    0.1177    1.0000
 4007.0800    292.5795    0.9621    0.1170    0.1170    1.0000
 4007.1200    295.5771    1.1031    0.1186    0.1186    1.0000
 4007.1600    298.5747    1.0738    0.1182    0.1182    1.0000
 4007.2000    301.5724    1.0564    0.1182    0.1182    1.0000
 4007.2400    304.5700    1.0501    0.1180    0.1180    1.0000
 4007.2800    307.5676    0.8812    0.1174    0.1174    1.0000
 4007.3200    310.5652    0.8733    0.1174    0.1174    1.0000
 4007.3600    313.5628    0.9777    0.1177    0.1177    1.0000
 4007.4000    316.5605    1.0235    0.1181    0.1181    1.0000
 4007.4400    319.5581    1.1564    0.1184    0.1184    1.0000
 4007.4800    322.5557    0.9909    0.1164    0.1164    1.0000
 4007.5200    325.5533    0.9704    0.1164    0.1164    1.0000
 4007.5600    328.5509    0.8516    0.1159    0.1159    1.0000
 4007.6000    331.5486    1.0277    0.1174    0.1174    1.0000
 4007.6400    334.5462    1.0457    0.1167    0.1167    1.0000
 4007.6800    337.5438    1.0587    0.1173    0.1173    1.0000
 4007.7200    340.5414    1.0193    0.1173    0.1173    1.0000
 4007.7600    343.5390    0.9312    0.1168    0.1168    1.0000
 4007.8000    346.5367    0.9737    0.1176    0.1176    1.0000
 4007.8400    349.5343    0.9925    0.1171    0.1171    1.0000
 4007.8800    352.5319    1.0643    0.1174    0.1174    1.0000
 4007.9200    355.5295    0.8976    0.1167    0.1167    1.0000
 4007.9600    358.5271    0.8330    0.1154    0.1154    1.0000
 4008.0000    361.5248    0.9527    0.1157    0.1157    1.0000
 4008.0400    364.5224    0.9407    0.1165    0.1165    1.0000
 4008.0800    367.5200    1.0197    0.1174    0.1174    1.0000
 4008.1200    370.5176    1.0717    0.1168    0.1168    1.0000
 4008.1600    373.5152    0.9651    0.1160    0.1160    1.0000
 4008.2000    376.5129    0.9084    0.1154    0.1154    1.0000
 4008.2400    379.5105    0.8814    0.1159    0.1159    1.0000
 4008.2800    382.5081    0.9199    0.1161    0.1161    1.0000
 4008.3200    385.5057    0.9702    0.1170    0.1170    1.0000
 4008.3600    388.5033    0.9490    0.1169    0.1169    1.0000
 4008.4000    391.5010    1.0303    0.1184    0.1184    1.0000
 4008.4400    394.4986    1.0036    0.1177    0.1177    1.0000
 4008.4800    397.4962    1.1986    0.1191    0.1191    1.0000
 4008.5200    400.4938    1.0410    0.1176    0.1176    1.0000
 4008.5600    403.4914    0.9117    0.1167    0.1167    1.0000
 4008.6000    406.4891    0.9226    0.1179    0.1179    1.0000
 4008.6400    409.4867    0.9333    0.1181    0.1181    1.0000
 4008.6800    412.4843    1.2127    0.1189    0.1189    1.0000
 4008.7200    415.4819    1.1720    0.1188    0.1188    1.0000
 4008.7600    418.4795    1.0308    0.1179    0.1179    1.0000
 4008.8000    421.4772    1.0674    0.1189    0.1189    1.0000
 4008.8400    424.4748    1.0476    0.1193    0.1193    1.0000
 4008.8800    427.4724    1.0923    0.1187    0.1187    1.0000
 4008.9200    430.4700    0.9864    0.1177    0.1177    1.0000
 4008.9600    433.4676    1.1533    0.1191    0.1191    1.0000
 4009.0000    436.4653    0.9402    0.1169    0.1169    1.0000
 4009.0400    439.4629    1.0047    0.1175    0.1175    1.0000
 4009.0800    442.4605    0.9899    0.1171    0.1171    1.0000
 4009.1200    445.4581    0.9877    0.1171    0.1171    1.0000
 4009.1600    448.4557    1.0502    0.1176    0.1176    1.0000
 4009.2000    451.4534    1.2291    0.1191    0.1191    1.0000
 4009.2400    454.4510    0.9963    0.1171    0.1171    1.0000
 4009.2800    457.4486    0.9863    0.1178    0.1178    1.0000
 4009.3200    460.4462    1.0798    0.1180    0.1180    1.0000
 4009.3600    463.4438    1.1063    0.1184    0.1184    1.0000
 4009.4000    466.4415    1.0354    0.1182    0.1182    1.0000
 4009.4400    469.4391    0.9196    0.1169    0.1169    1.0000
 4009.4800    472.4367    1.0060    0.1175    0.1175    1.0000
 4009.5200    475.4343    1.0422    0.1180    0.1180    1.0000
 4009.5600    478.4319    0.9006    0.1169    0.1169    1.0000
 4009.6000    481.4296    0.9692    0.1177    0.1177    1.0000
 4009.6400    484.4272    1.0108    0.1173    0.1173    1.0000
 4009.6800    487.4248    0.8250    0.1157    0.1157    1.0000
 4009.7200    490.4224    1.0217    0.1177    0.1177    1.0000
 4009.7600    493.4200    0.9740    0.1175    0.1175    1.0000
 4009.8000    496.4177    0.9175    0.1165    0.1165    1.0000
 4009.8400    499.4153    0.9718    0.1172    0.1172    1.0000
 4009.8800    502.4129    1.1814    0.1196    0.1196    1.0000
 4009.9200    505.4105    0.9567    0.1166    0.1166    1.0000
 4009.9600    508.4081    1.0063    0.1173    0.1173    1.0000
 4010.0000    511.4058    0.8773    0.1161    0.1161    1.0000
 4010.0400    514.4034    0.9475    0.1162    0.1162    1.0000
 4010.0800    517.4010    1.0376    0.1181    0.1181    1.0000
 4010.1200    520.3986    1.1144    0.1184    0.1184    1.0000
 4010.1600    523.3962    0.8572    0.1163    0.1163    1.0000
 4010.2000    526.3939    0.9259    0.1167    0.1167    1.0000
 4010.2400    529.3915    0.9758    0.1172    0.1172    1.0000
 4010.2800    532.3891    1.0645    0.1177    0.1177    1.0000
 4010.3200    535.3867    1.0930    0.1178    0.1178    1.0000
 4010.3600    538.3843    0.9869    0.1175    0.1175    1.0000
 4010.4000    541.3820    1.0090    0.1178    0.1178    1.0000
 4010.4400    544.3796    0.9415    0.1169    0.1169    1.0000
 4010.4800    547.3772    0.8934    0.1168    0.1168    1.0000
 4010.5200    550.3748    0.9248    0.1162    0.1162    1.0000
 4010.5600    553.3724    1.0540    0.1170    0.1170    1.0000
 4010.6000    556.3701    1.0857    0.1178    0.1178    1.0000
 4010.6400    559.3677    1.0937    0.1187    0.1187    1.0000
 4010.6800    562.3653    0.9220    0.1173    0.1173    1.0000
 4010.7200    565.3629    0.9374    0.1166    0.1166    1.0000
 4010.7600    568.3605    1.0641    0.1183    0.1183    1.0000
 4010.8000    571.3582    1.0261    0.1175    0.1175    1.0000
 4010.8400    574.3558    1.0920    0.1178    0.1178    1.0000
 4010.8800    577.3534    0.9845    0.1165    0.1165    1.0000
 4010.9200    580.3510    0.9838    0.1163    0.1163    1.0000
 4010.9600    583.3486    0.9400    0.1156    0.1156    1.0000
 4011.0000    586.3463    1.0949    0.1174    0.1174    1.0000
 4011.0400    589.3439    1.0891    0.1179    0.1179    1.0000
 4011.0800    592.3415    1.0107    0.1170    0.1170    1.0000
 4011.1200    595.3391    1.0524    0.1182    0.1182    1.0000
 4011.1600    598.3367    1.0559    0.1184    0.1184    1.0000
