   5200.6094  -592.9845     1.0293     0.0161     0.0139     1.0000
   5200.6523  -590.5164     1.0166     0.0168     0.0134     1.0000
   5200.6958  -588.0138     0.9852     0.0156     0.0123     1.0000
   5200.7393  -585.5112     0.9989     0.0157     0.0124     1.0000
   5200.7827  -583.0143     1.0120     0.0158     0.0129     1.0000
   5200.8262  -580.5117     0.9980     0.0157     0.0129     1.0000
   5200.8696  -578.0148     1.0097     0.0158     0.0128     1.0000
   5200.9126  -575.5409     1.0049     0.0158     0.0125     1.0000
   5200.9560  -573.0441     1.0156     0.0159     0.0129     1.0000
   5200.9995  -570.5414     0.9924     0.0157     0.0134     1.0000
   5201.0430  -568.0388     1.0162     0.0159     0.0141     1.0000
   5201.0864  -565.5419     1.0091     0.0158     0.0137     1.0000
   5201.1294  -563.0681     1.0042     0.0158     0.0130     1.0000
   5201.1728  -560.5712     1.0101     0.0164     0.0132     1.0000
   5201.2163  -558.0686     1.0230     0.0174     0.0142     1.0000
   5201.2598  -555.5660     1.0148     0.0176     0.0146     1.0000
   5201.3032  -553.0691     1.0027     0.0173     0.0143     1.0000
   5201.3467  -550.5665     0.9936     0.0171     0.0136     1.0000
   5201.3897  -548.0926     1.0113     0.0178     0.0136     1.0000
   5201.4331  -545.5957     1.0017     0.0174     0.0137     1.0000
   5201.4766  -543.0931     1.0188     0.0167     0.0137     1.0000
   5201.5200  -540.5962     1.0042     0.0168     0.0144     1.0000
   5201.5635  -538.0936     1.0207     0.0191     0.0164     1.0000
   5201.6069  -535.5967     1.0033     0.0195     0.0165     1.0000
   5201.6499  -533.1229     1.0057     0.0186     0.0146     1.0000
   5201.6934  -530.6203     0.9947     0.0161     0.0137     1.0000
   5201.7368  -528.1234     0.9986     0.0178     0.0140     1.0000
   5201.7803  -525.6208     0.9885     0.0157     0.0131     1.0000
   5201.8237  -523.1239     1.0046     0.0158     0.0127     1.0000
   5201.8672  -520.6213     0.9746     0.0155     0.0122     1.0000
   5201.9102  -518.1474     1.0000     0.0157     0.0128     1.0000
   5201.9536  -515.6505     1.0157     0.0159     0.0132     1.0000
   5201.9971  -513.1479     1.0086     0.0158     0.0127     1.0000
   5202.0405  -510.6510     1.0208     0.0159     0.0124     1.0000
   5202.0840  -508.1484     1.0024     0.0159     0.0127     1.0000
   5202.1274  -505.6515     1.0213     0.0164     0.0140     1.0000
   5202.1709  -503.1489     1.0114     0.0163     0.0144     1.0000
   5202.2139  -500.6750     1.0086     0.0166     0.0142     1.0000
   5202.2573  -498.1782     1.0102     0.0163     0.0135     1.0000
   5202.3008  -495.6755     1.0137     0.0163     0.0133     1.0000
   5202.3442  -493.1787     1.0010     0.0157     0.0133     1.0000
   5202.3877  -490.6760     0.9906     0.0156     0.0136     1.0000
   5202.4312  -488.1734     0.9805     0.0156     0.0131     1.0000
   5202.4741  -485.7053     0.9994     0.0157     0.0124     1.0000
   5202.5176  -483.2027     0.9959     0.0157     0.0122     1.0000
   5202.5610  -480.7058     0.9844     0.0156     0.0125     1.0000
   5202.6045  -478.2032     1.0049     0.0158     0.0131     1.0000
   5202.6479  -475.7063     1.0103     0.0158     0.0128     1.0000
   5202.6914  -473.2037     0.9972     0.0159     0.0126     1.0000
   5202.7349  -470.7011     0.9948     0.0161     0.0130     1.0000
   5202.7778  -468.2330     0.9862     0.0157     0.0134     1.0000
   5202.8213  -465.7303     0.9859     0.0156     0.0138     1.0000
   5202.8647  -463.2335     0.9901     0.0156     0.0133     1.0000
   5202.9082  -460.7308     1.0137     0.0159     0.0129     1.0000
   5202.9517  -458.2282     0.9959     0.0157     0.0127     1.0000
   5202.9951  -455.7313     1.0153     0.0159     0.0136     1.0000
   5203.0386  -453.2287     1.0073     0.0158     0.0137     1.0000
   5203.0815  -450.7606     0.9991     0.0157     0.0130     1.0000
   5203.1250  -448.2580     0.9945     0.0157     0.0122     1.0000
   5203.1685  -445.7554     0.9949     0.0157     0.0123     1.0000
   5203.2119  -443.2585     0.9944     0.0157     0.0129     1.0000
   5203.2554  -440.7559     0.9794     0.0156     0.0129     1.0000
   5203.2988  -438.2590     0.9906     0.0156     0.0124     1.0000
   5203.3423  -435.7564     0.9923     0.0156     0.0123     1.0000
   5203.3853  -433.2825     0.9956     0.0161     0.0132     1.0000
   5203.4287  -430.7856     1.0182     0.0158     0.0139     1.0000
   5203.4722  -428.2830     1.0034     0.0156     0.0135     1.0000
   5203.5156  -425.7861     1.0073     0.0157     0.0129     1.0000
   5203.5591  -423.2835     1.0054     0.0157     0.0128     1.0000
   5203.6025  -420.7866     0.9907     0.0156     0.0131     1.0000
   5203.6460  -418.2840     0.9951     0.0156     0.0136     1.0000
   5203.6894  -415.7871     1.0026     0.0157     0.0133     1.0000
   5203.7324  -413.3133     0.9921     0.0157     0.0125     1.0000
   5203.7759  -410.8107     0.9991     0.0157     0.0125     1.0000
   5203.8193  -408.3138     1.0060     0.0158     0.0130     1.0000
   5203.8628  -405.8112     1.0000     0.0158     0.0131     1.0000
   5203.9062  -403.3143     1.0172     0.0161     0.0128     1.0000
   5203.9497  -400.8117     1.0038     0.0161     0.0124     1.0000
   5203.9932  -398.3090     1.0191     0.0163     0.0130     1.0000
   5204.0366  -395.8122     1.0197     0.0163     0.0139     1.0000
   5204.0796  -393.3383     0.9906     0.0159     0.0138     1.0000
   5204.1231  -390.8357     0.9850     0.0158     0.0130     1.0000
   5204.1665  -388.3388     0.9947     0.0158     0.0128     1.0000
   5204.2100  -385.8362     1.0156     0.0160     0.0136     1.0000
   5204.2534  -383.3393     0.9906     0.0159     0.0139     1.0000
   5204.2969  -380.8367     0.9586     0.0157     0.0131     1.0000
   5204.3403  -378.3398     0.9928     0.0160     0.0129     1.0000
   5204.3838  -375.8372     0.9898     0.0158     0.0128     1.0000
   5204.4268  -373.3633     1.0119     0.0159     0.0136     1.0000
   5204.4702  -370.8665     0.9937     0.0157     0.0133     1.0000
   5204.5137  -368.3638     1.0080     0.0158     0.0125     1.0000
   5204.5571  -365.8670     1.0002     0.0158     0.0121     1.0000
   5204.6006  -363.3643     1.0128     0.0159     0.0127     1.0000
   5204.6440  -360.8675     1.0158     0.0159     0.0133     1.0000
   5204.6875  -358.3648     1.0029     0.0158     0.0130     1.0000
   5204.7310  -355.8622     1.0047     0.0158     0.0127     1.0000
   5204.7744  -353.3653     1.0081     0.0159     0.0130     1.0000
   5204.8174  -350.8915     0.9880     0.0157     0.0135     1.0000
   5204.8608  -348.3946     0.9998     0.0158     0.0136     1.0000
   5204.9043  -345.8920     0.9937     0.0157     0.0128     1.0000
   5204.9478  -343.3894     1.0220     0.0191     0.0133     1.0000
   5204.9912  -340.8925     0.9893     0.0160     0.0135     1.0000
   5205.0347  -338.3899     0.9801     0.0156     0.0134     1.0000
   5205.0781  -335.8930     1.0000     0.0158     0.0133     1.0000
   5205.1216  -333.3904     1.0205     0.0160     0.0129     1.0000
   5205.1650  -330.8935     1.0099     0.0159     0.0129     1.0000
   5205.2085  -328.3909     0.9787     0.0156     0.0131     1.0000
   5205.2515  -325.9170     0.9896     0.0157     0.0130     1.0000
   5205.2949  -323.4201     1.0008     0.0158     0.0123     1.0000
   5205.3384  -320.9175     1.0043     0.0158     0.0122     1.0000
   5205.3818  -318.4206     0.9972     0.0158     0.0129     1.0000
   5205.4253  -315.9180     1.0158     0.0159     0.0134     1.0000
   5205.4688  -313.4154     1.0228     0.0160     0.0131     1.0000
   5205.5122  -310.9185     1.0010     0.0157     0.0127     1.0000
   5205.5557  -308.4159     1.0034     0.0157     0.0130     1.0000
   5205.5991  -305.9190     1.0094     0.0158     0.0134     1.0000
   5205.6426  -303.4164     0.9970     0.0156     0.0130     1.0000
   5205.6856  -300.9425     1.0073     0.0157     0.0127     1.0000
   5205.7290  -298.4457     1.0003     0.0156     0.0128     1.0000
   5205.7725  -295.9430     1.0156     0.0158     0.0136     1.0000
   5205.8159  -293.4462     0.9859     0.0156     0.0133     1.0000
   5205.8594  -290.9435     1.0047     0.0158     0.0129     1.0000
   5205.9028  -288.4467     1.0061     0.0158     0.0129     1.0000
   5205.9463  -285.9440     0.9919     0.0161     0.0136     1.0000
   5205.9897  -283.4472     0.9982     0.0161     0.0135     1.0000
   5206.0332  -280.9445     0.9814     0.0157     0.0124     1.0000
   5206.0767  -278.4419     0.9980     0.0158     0.0123     1.0000
   5206.1196  -275.9738     0.9999     0.0158     0.0128     1.0000
   5206.1631  -273.4712     1.0066     0.0159     0.0133     1.0000
   5206.2065  -270.9743     0.9992     0.0158     0.0130     1.0000
   5206.2500  -268.4717     0.9865     0.0157     0.0127     1.0000
   5206.2935  -265.9691     0.9943     0.0162     0.0135     1.0000
   5206.3369  -263.4722     0.9857     0.0161     0.0136     1.0000
   5206.3804  -260.9696     0.9940     0.0158     0.0131     1.0000
   5206.4238  -258.4727     1.0047     0.0159     0.0126     1.0000
   5206.4673  -255.9701     0.9988     0.0158     0.0128     1.0000
   5206.5107  -253.4732     0.9965     0.0159     0.0135     1.0000
   5206.5542  -250.9706     0.9952     0.0158     0.0134     1.0000
   5206.5977  -248.4679     0.9911     0.0158     0.0129     1.0000
   5206.6406  -245.9998     0.9750     0.0157     0.0129     1.0000
   5206.6841  -243.4972     0.9877     0.0158     0.0135     1.0000
   5206.7275  -241.0003     0.9693     0.0156     0.0133     1.0000
   5206.7710  -238.4977     0.9965     0.0158     0.0129     1.0000
   5206.8144  -236.0008     1.0110     0.0159     0.0128     1.0000
   5206.8579  -233.4982     0.9936     0.0157     0.0130     1.0000
   5206.9014  -230.9956     0.9943     0.0157     0.0130     1.0000
   5206.9448  -228.4987     0.9842     0.0157     0.0124     1.0000
   5206.9883  -225.9961     0.9915     0.0157     0.0125     1.0000
   5207.0317  -223.4992     0.9873     0.0157     0.0130     1.0000
   5207.0752  -220.9966     1.0152     0.0159     0.0135     1.0000
   5207.1187  -218.4940     0.9911     0.0156     0.0128     1.0000
   5207.1621  -215.9971     1.0080     0.0157     0.0127     1.0000
   5207.2056  -213.4945     0.9874     0.0155     0.0128     1.0000
   5207.2485  -211.0264     0.9869     0.0156     0.0129     1.0000
   5207.2920  -208.5237     0.9801     0.0156     0.0125     1.0000
   5207.3354  -206.0269     0.9948     0.0157     0.0126     1.0000
   5207.3789  -203.5242     0.9833     0.0156     0.0130     1.0000
   5207.4224  -201.0216     0.9904     0.0157     0.0134     1.0000
   5207.4658  -198.5247     1.0039     0.0159     0.0131     1.0000
   5207.5093  -196.0221     0.9859     0.0157     0.0129     1.0000
   5207.5527  -193.5252     0.9904     0.0158     0.0135     1.0000
   5207.5962  -191.0226     1.0111     0.0160     0.0137     1.0000
   5207.6397  -188.5200     1.0082     0.0160     0.0132     1.0000
   5207.6831  -186.0231     1.0033     0.0159     0.0129     1.0000
   5207.7266  -183.5205     0.9729     0.0156     0.0129     1.0000
   5207.7700  -181.0236     1.0132     0.0161     0.0133     1.0000
   5207.8135  -178.5210     1.0124     0.0161     0.0128     1.0000
   5207.8569  -176.0241     1.0053     0.0160     0.0128     1.0000
   5207.9004  -173.5215     0.9816     0.0158     0.0130     1.0000
   5207.9434  -171.0476     1.0097     0.0160     0.0135     1.0000
   5207.9868  -168.5508     0.9998     0.0160     0.0132     1.0000
   5208.0303  -166.0481     0.9803     0.0158     0.0129     1.0000
   5208.0737  -163.5513     0.9947     0.0159     0.0132     1.0000
   5208.1172  -161.0486     0.9906     0.0159     0.0129     1.0000
   5208.1606  -158.5518     0.9942     0.0159     0.0126     1.0000
   5208.2041  -156.0491     0.9953     0.0159     0.0127     1.0000
   5208.2476  -153.5465     1.0259     0.0162     0.0132     1.0000
   5208.2910  -151.0496     1.0356     0.0190     0.0139     1.0000
   5208.3345  -148.5470     1.0094     0.0165     0.0135     1.0000
   5208.3779  -146.0501     0.9961     0.0159     0.0132     1.0000
   5208.4214  -143.5475     0.9816     0.0158     0.0135     1.0000
   5208.4648  -141.0507     0.9814     0.0158     0.0134     1.0000
   5208.5083  -138.5480     1.0045     0.0160     0.0134     1.0000
   5208.5518  -136.0454     1.0083     0.0160     0.0135     1.0000
   5208.5952  -133.5485     1.0177     0.0161     0.0137     1.0000
   5208.6387  -131.0459     1.0028     0.0160     0.0133     1.0000
   5208.6821  -128.5490     1.0106     0.0161     0.0131     1.0000
   5208.7256  -126.0464     1.0129     0.0161     0.0132     1.0000
   5208.7690  -123.5495     0.9991     0.0159     0.0132     1.0000
   5208.8120  -121.0757     0.9822     0.0158     0.0128     1.0000
   5208.8555  -118.5730     0.9998     0.0160     0.0129     1.0000
   5208.8989  -116.0762     0.9977     0.0160     0.0133     1.0000
   5208.9424  -113.5736     1.0007     0.0160     0.0134     1.0000
   5208.9858  -111.0767     1.0067     0.0162     0.0135     1.0000
   5209.0293  -108.5741     0.9858     0.0163     0.0133     1.0000
   5209.0728  -106.0714     0.9881     0.0160     0.0133     1.0000
   5209.1162  -103.5746     0.9979     0.0160     0.0128     1.0000
   5209.1597  -101.0719     0.9935     0.0159     0.0125     1.0000
   5209.2031   -98.5751     1.0003     0.0164     0.0130     1.0000
   5209.2466   -96.0724     1.0012     0.0167     0.0136     1.0000
   5209.2900   -93.5756     0.9953     0.0167     0.0134     1.0000
   5209.3335   -91.0729     0.9905     0.0166     0.0132     1.0000
   5209.3769   -88.5761     0.9845     0.0158     0.0130     1.0000
   5209.4204   -86.0734     0.9832     0.0161     0.0134     1.0000
   5209.4639   -83.5708     0.9799     0.0160     0.0134     1.0000
   5209.5073   -81.0739     0.9837     0.0157     0.0132     1.0000
   5209.5508   -78.5713     0.9725     0.0156     0.0133     1.0000
   5209.5942   -76.0744     0.9657     0.0155     0.0133     1.0000
   5209.6377   -73.5718     0.9678     0.0155     0.0131     1.0000
   5209.6812   -71.0692     0.9940     0.0158     0.0134     1.0000
   5209.7246   -68.5723     0.9957     0.0158     0.0134     1.0000
   5209.7681   -66.0697     0.9830     0.0157     0.0130     1.0000
   5209.8115   -63.5728     0.9602     0.0155     0.0127     1.0000
   5209.8550   -61.0702     0.9624     0.0156     0.0129     1.0000
   5209.8984   -58.5733     0.9856     0.0159     0.0132     1.0000
   5209.9419   -56.0707     0.9434     0.0155     0.0127     1.0000
   5209.9853   -53.5738     0.9124     0.0152     0.0126     1.0000
   5210.0288   -51.0712     0.8926     0.0151     0.0126     1.0000
   5210.0723   -48.5686     0.9047     0.0152     0.0126     1.0000
   5210.1157   -46.0717     0.9073     0.0153     0.0125     1.0000
   5210.1592   -43.5691     0.8941     0.0153     0.0124     1.0000
   5210.2026   -41.0722     0.9108     0.0153     0.0123     1.0000
   5210.2461   -38.5696     0.9474     0.0156     0.0123     1.0000
   5210.2891   -36.0957     0.9509     0.0156     0.0122     1.0000
   5210.3325   -33.5988     0.9421     0.0155     0.0122     1.0000
   5210.3760   -31.0962     0.9581     0.0157     0.0123     1.0000
   5210.4194   -28.5994     0.9686     0.0158     0.0124     1.0000
   5210.4629   -26.0967     0.9741     0.0158     0.0125     1.0000
   5210.5063   -23.5999     0.9499     0.0156     0.0125     1.0000
   5210.5498   -21.0972     0.9366     0.0155     0.0125     1.0000
   5210.5933   -18.5946     0.9268     0.0154     0.0126     1.0000
   5210.6367   -16.0977     0.8666     0.0149     0.0124     1.0000
   5210.6802   -13.5951     0.8019     0.0142     0.0121     1.0000
   5210.7236   -11.0982     0.7933     0.0143     0.0121     1.0000
   5210.7671    -8.5956     0.8335     0.0147     0.0125     1.0000
   5210.8106    -6.0930     0.9139     0.0153     0.0132     1.0000
   5210.8540    -3.5961     0.9293     0.0155     0.0133     1.0000
   5210.8975    -1.0935     0.8821     0.0154     0.0132     1.0000
   5210.9409     1.4034     0.8010     0.0142     0.0121     1.0000
   5210.9844     3.9060     0.7422     0.0140     0.0118     1.0000
   5211.0278     6.4029     0.7973     0.0149     0.0125     1.0000
   5211.0713     8.9055     0.8683     0.0152     0.0127     1.0000
   5211.1147    11.4024     0.8755     0.0154     0.0128     1.0000
   5211.1582    13.9050     0.8575     0.0154     0.0129     1.0000
   5211.2017    16.4076     0.8211     0.0150     0.0125     1.0000
   5211.2451    18.9045     0.8453     0.0155     0.0130     1.0000
   5211.2886    21.4071     0.8897     0.0155     0.0131     1.0000
   5211.3320    23.9040     0.8876     0.0153     0.0128     1.0000
   5211.3755    26.4066     0.8840     0.0157     0.0128     1.0000
   5211.4190    28.9093     0.8644     0.0152     0.0123     1.0000
   5211.4624    31.4061     0.8473     0.0150     0.0120     1.0000
   5211.5059    33.9088     0.8062     0.0147     0.0115     1.0000
   5211.5493    36.4056     0.8351     0.0148     0.0116     1.0000
   5211.5928    38.9082     0.8233     0.0147     0.0114     1.0000
   5211.6362    41.4051     0.8671     0.0154     0.0118     1.0000
   5211.6797    43.9077     0.8892     0.0157     0.0118     1.0000
   5211.7231    46.4046     0.9208     0.0162     0.0123     1.0000
   5211.7666    48.9072     0.9453     0.0167     0.0127     1.0000
   5211.8101    51.4099     0.9494     0.0165     0.0126     1.0000
   5211.8535    53.9067     0.9226     0.0163     0.0125     1.0000
   5211.8970    56.4094     0.8917     0.0161     0.0126     1.0000
   5211.9404    58.9062     0.8640     0.0156     0.0122     1.0000
   5211.9839    61.4089     0.8235     0.0154     0.0121     1.0000
   5212.0273    63.9057     0.8090     0.0152     0.0123     1.0000
   5212.0708    66.4084     0.7794     0.0149     0.0122     1.0000
   5212.1143    68.9110     0.7980     0.0151     0.0124     1.0000
   5212.1577    71.4079     0.8799     0.0160     0.0136     1.0000
   5212.2012    73.9105     0.9784     0.0170     0.0147     1.0000
   5212.2446    76.4074     1.0139     0.0174     0.0150     1.0000
   5212.2886    78.9387     0.9961     0.0170     0.0148     1.0000
   5212.3320    81.4356     1.0034     0.0173     0.0153     1.0000
   5212.3755    83.9382     0.9987     0.0172     0.0150     1.0000
   5212.4190    86.4409     1.0068     0.0174     0.0151     1.0000
   5212.4624    88.9377     1.0106     0.0174     0.0151     1.0000
   5212.5059    91.4404     0.9957     0.0172     0.0149     1.0000
   5212.5493    93.9372     0.9882     0.0172     0.0146     1.0000
   5212.5928    96.4399     1.0039     0.0172     0.0148     1.0000
   5212.6362    98.9367     0.9915     0.0172     0.0147     1.0000
   5212.6797   101.4394     0.9897     0.0171     0.0145     1.0000
   5212.7231   103.9362     0.9849     0.0170     0.0145     1.0000
   5212.7666   106.4389     1.0110     0.0183     0.0160     1.0000
   5212.8101   108.9415     1.0147     0.0174     0.0147     1.0000
   5212.8535   111.4384     1.0186     0.0174     0.0148     1.0000
   5212.8970   113.9410     0.9914     0.0172     0.0145     1.0000
   5212.9404   116.4379     0.9949     0.0172     0.0143     1.0000
   5212.9839   118.9405     0.9878     0.0171     0.0140     1.0000
   5213.0273   121.4374     0.9843     0.0171     0.0138     1.0000
   5213.0708   123.9400     1.0228     0.0176     0.0142     1.0000
   5213.1143   126.4426     1.0090     0.0177     0.0137     1.0000
   5213.1577   128.9395     1.0065     0.0173     0.0135     1.0000
   5213.2012   131.4421     1.0107     0.0191     0.0144     1.0000
   5213.2446   133.9390     0.9915     0.0189     0.0139     1.0000
   5213.2881   136.4416     0.9845     0.0188     0.0140     1.0000
   5213.3315   138.9385     0.9951     0.0189     0.0141     1.0000
   5213.3750   141.4411     1.0160     0.0178     0.0136     1.0000
   5213.4185   143.9437     1.0035     0.0172     0.0128     1.0000
   5213.4619   146.4406     0.9935     0.0171     0.0128     1.0000
   5213.5054   148.9432     1.0005     0.0177     0.0133     1.0000
   5213.5488   151.4401     0.9843     0.0180     0.0133     1.0000
   5213.5923   153.9427     0.9957     0.0181     0.0136     1.0000
   5213.6357   156.4396     1.0018     0.0182     0.0135     1.0000
   5213.6792   158.9422     1.0151     0.0173     0.0130     1.0000
   5213.7231   161.4679     0.9915     0.0171     0.0129     1.0000
   5213.7666   163.9705     0.9949     0.0171     0.0130     1.0000
   5213.8101   166.4731     0.9780     0.0169     0.0128     1.0000
   5213.8535   168.9700     0.9927     0.0170     0.0132     1.0000
   5213.8970   171.4726     0.9974     0.0171     0.0134     1.0000
   5213.9404   173.9695     0.9987     0.0171     0.0134     1.0000
   5213.9839   176.4721     0.9976     0.0171     0.0137     1.0000
   5214.0273   178.9690     1.0015     0.0171     0.0138     1.0000
   5214.0708   181.4716     1.0190     0.0173     0.0140     1.0000
   5214.1143   183.9742     1.0068     0.0172     0.0142     1.0000
   5214.1577   186.4711     1.0069     0.0172     0.0145     1.0000
   5214.2012   188.9737     0.9844     0.0170     0.0142     1.0000
   5214.2446   191.4706     1.0104     0.0172     0.0148     1.0000
   5214.2881   193.9732     1.0228     0.0173     0.0151     1.0000
   5214.3315   196.4701     1.0088     0.0172     0.0151     1.0000
   5214.3750   198.9727     0.9844     0.0169     0.0151     1.0000
   5214.4185   201.4753     1.0221     0.0173     0.0156     1.0000
   5214.4619   203.9722     0.9929     0.0182     0.0160     1.0000
   5214.5054   206.4748     0.9959     0.0171     0.0154     1.0000
   5214.5488   208.9717     1.0166     0.0173     0.0156     1.0000
   5214.5923   211.4743     0.9964     0.0171     0.0153     1.0000
   5214.6362   214.0000     1.0105     0.0172     0.0155     1.0000
   5214.6797   216.5026     1.0166     0.0173     0.0155     1.0000
   5214.7231   218.9995     0.9972     0.0171     0.0152     1.0000
   5214.7666   221.5021     0.9931     0.0170     0.0152     1.0000
   5214.8101   224.0047     1.0173     0.0176     0.0157     1.0000
   5214.8535   226.5016     1.0169     0.0172     0.0152     1.0000
   5214.8970   229.0042     0.9926     0.0173     0.0153     1.0000
   5214.9404   231.5011     0.9840     0.0169     0.0150     1.0000
   5214.9839   234.0037     1.0083     0.0171     0.0151     1.0000
   5215.0273   236.5006     1.0036     0.0174     0.0154     1.0000
   5215.0708   239.0032     0.9901     0.0173     0.0153     1.0000
   5215.1143   241.5058     0.9885     0.0170     0.0150     1.0000
   5215.1577   244.0027     0.9851     0.0172     0.0152     1.0000
   5215.2012   246.5053     0.9986     0.0173     0.0153     1.0000
   5215.2446   249.0022     1.0136     0.0175     0.0153     1.0000
   5215.2881   251.5048     1.0074     0.0174     0.0151     1.0000
   5215.3320   254.0305     0.9837     0.0171     0.0148     1.0000
   5215.3755   256.5331     1.0114     0.0174     0.0149     1.0000
   5215.4190   259.0357     1.0179     0.0190     0.0163     1.0000
   5215.4624   261.5326     1.0339     0.0197     0.0170     1.0000
   5215.5059   264.0352     1.0007     0.0188     0.0158     1.0000
   5215.5493   266.5321     1.0125     0.0189     0.0157     1.0000
   5215.5928   269.0347     0.9832     0.0179     0.0147     1.0000
   5215.6362   271.5316     0.9925     0.0175     0.0143     1.0000
   5215.6797   274.0342     0.9980     0.0175     0.0141     1.0000
   5215.7231   276.5311     0.9919     0.0175     0.0140     1.0000
   5215.7666   279.0337     0.9976     0.0175     0.0139     1.0000
   5215.8101   281.5363     0.9948     0.0175     0.0138     1.0000
   5215.8535   284.0332     0.9821     0.0173     0.0136     1.0000
   5215.8975   286.5646     1.0046     0.0175     0.0137     1.0000
   5215.9409   289.0615     0.9809     0.0173     0.0133     1.0000
   5215.9844   291.5641     0.9892     0.0174     0.0135     1.0000
   5216.0278   294.0610     0.9903     0.0174     0.0133     1.0000
   5216.0713   296.5636     1.0013     0.0175     0.0134     1.0000
   5216.1147   299.0605     0.9946     0.0186     0.0142     1.0000
   5216.1582   301.5631     1.0163     0.0177     0.0133     1.0000
   5216.2017   304.0657     1.0061     0.0175     0.0132     1.0000
   5216.2451   306.5626     0.9981     0.0174     0.0130     1.0000
   5216.2886   309.0652     1.0248     0.0191     0.0138     1.0000
   5216.3320   311.5621     1.0060     0.0185     0.0138     1.0000
   5216.3755   314.0647     0.9914     0.0178     0.0134     1.0000
   5216.4194   316.5904     0.9924     0.0172     0.0128     1.0000
   5216.4629   319.0930     0.9919     0.0173     0.0127     1.0000
   5216.5063   321.5899     0.9908     0.0173     0.0127     1.0000
   5216.5498   324.0925     0.9971     0.0173     0.0127     1.0000
   5216.5933   326.5951     0.9888     0.0172     0.0126     1.0000
   5216.6367   329.0920     0.9992     0.0173     0.0127     1.0000
   5216.6802   331.5946     0.9980     0.0173     0.0126     1.0000
   5216.7236   334.0915     0.9992     0.0173     0.0126     1.0000
   5216.7671   336.5941     0.9975     0.0173     0.0126     1.0000
   5216.8106   339.0967     1.0046     0.0174     0.0127     1.0000
   5216.8540   341.5936     1.0088     0.0174     0.0127     1.0000
   5216.8979   344.1192     1.0032     0.0174     0.0126     1.0000
   5216.9414   346.6219     0.9995     0.0173     0.0126     1.0000
   5216.9849   349.1245     1.0113     0.0174     0.0126     1.0000
   5217.0283   351.6214     0.9989     0.0173     0.0125     1.0000
   5217.0718   354.1240     1.0021     0.0174     0.0126     1.0000
   5217.1152   356.6209     1.0140     0.0175     0.0126     1.0000
   5217.1587   359.1235     0.9976     0.0173     0.0125     1.0000
   5217.2022   361.6261     0.9980     0.0173     0.0125     1.0000
   5217.2456   364.1230     1.0177     0.0175     0.0126     1.0000
   5217.2891   366.6256     1.0043     0.0173     0.0125     1.0000
   5217.3330   369.1512     0.9881     0.0171     0.0123     1.0000
   5217.3765   371.6539     0.9850     0.0170     0.0122     1.0000
   5217.4199   374.1507     1.0033     0.0172     0.0124     1.0000
   5217.4634   376.6534     1.0082     0.0172     0.0124     1.0000
   5217.5068   379.1502     1.0074     0.0172     0.0124     1.0000
   5217.5503   381.6529     1.0048     0.0173     0.0124     1.0000
   5217.5938   384.1555     1.0019     0.0172     0.0124     1.0000
   5217.6372   386.6524     0.9992     0.0172     0.0124     1.0000
   5217.6807   389.1550     1.0025     0.0172     0.0124     1.0000
   5217.7246   391.6806     1.0021     0.0173     0.0124     1.0000
   5217.7681   394.1833     0.9984     0.0172     0.0124     1.0000
   5217.8115   396.6801     1.0087     0.0173     0.0125     1.0000
   5217.8550   399.1827     0.9929     0.0172     0.0124     1.0000
   5217.8984   401.6796     0.9858     0.0171     0.0123     1.0000
   5217.9419   404.1822     0.9975     0.0172     0.0124     1.0000
   5217.9853   406.6791     0.9975     0.0172     0.0124     1.0000
   5218.0288   409.1817     0.9916     0.0171     0.0124     1.0000
   5218.0723   411.6844     0.9881     0.0171     0.0124     1.0000
   5218.1162   414.2100     1.0151     0.0174     0.0127     1.0000
   5218.1597   416.7126     0.9984     0.0172     0.0125     1.0000
   5218.2031   419.2095     0.9878     0.0182     0.0131     1.0000
   5218.2466   421.7121     1.0039     0.0182     0.0133     1.0000
   5218.2900   424.2090     1.0004     0.0173     0.0126     1.0000
   5218.3335   426.7116     1.0056     0.0174     0.0127     1.0000
   5218.3769   429.2085     1.0140     0.0174     0.0127     1.0000
   5218.4204   431.7111     1.0107     0.0173     0.0127     1.0000
   5218.4644   434.2425     1.0147     0.0174     0.0127     1.0000
   5218.5078   436.7394     1.0139     0.0173     0.0127     1.0000
   5218.5513   439.2420     0.9946     0.0170     0.0125     1.0000
   5218.5947   441.7389     0.9861     0.0169     0.0125     1.0000
   5218.6382   444.2415     1.0116     0.0172     0.0128     1.0000
   5218.6816   446.7384     1.0167     0.0173     0.0129     1.0000
   5218.7251   449.2410     1.0059     0.0172     0.0128     1.0000
   5218.7685   451.7379     0.9884     0.0171     0.0127     1.0000
   5218.8125   454.2693     0.9852     0.0170     0.0128     1.0000
   5218.8560   456.7719     1.0062     0.0209     0.0140     1.0000
   5218.8994   459.2688     0.9927     0.0192     0.0145     1.0000
   5218.9429   461.7714     1.0083     0.0179     0.0140     1.0000
   5218.9863   464.2683     1.0224     0.0175     0.0134     1.0000
   5219.0298   466.7709     1.0057     0.0172     0.0132     1.0000
   5219.0732   469.2678     0.9949     0.0171     0.0132     1.0000
   5219.1167   471.7704     1.0096     0.0172     0.0134     1.0000
   5219.1606   474.2960     0.9983     0.0171     0.0133     1.0000
   5219.2041   476.7987     0.9950     0.0170     0.0134     1.0000
   5219.2476   479.3013     0.9835     0.0169     0.0134     1.0000
   5219.2910   481.7982     1.0009     0.0171     0.0137     1.0000
   5219.3345   484.3008     0.9970     0.0170     0.0137     1.0000
   5219.3779   486.7976     0.9926     0.0170     0.0138     1.0000
   5219.4214   489.3003     1.0141     0.0172     0.0141     1.0000
   5219.4653   491.8259     1.0014     0.0171     0.0141     1.0000
   5219.5088   494.3285     0.9914     0.0170     0.0142     1.0000
   5219.5522   496.8254     1.0094     0.0172     0.0145     1.0000
   5219.5957   499.3280     1.0036     0.0172     0.0146     1.0000
   5219.6392   501.8307     0.9985     0.0171     0.0147     1.0000
   5219.6826   504.3275     0.9908     0.0170     0.0148     1.0000
   5219.7261   506.8302     0.9885     0.0170     0.0150     1.0000
   5219.7700   509.3558     1.0057     0.0172     0.0153     1.0000
   5219.8135   511.8584     1.0198     0.0173     0.0156     1.0000
   5219.8569   514.3553     0.9894     0.0170     0.0155     1.0000
   5219.9004   516.8579     1.0070     0.0172     0.0158     1.0000
   5219.9438   519.3548     1.0223     0.0174     0.0162     1.0000
   5219.9873   521.8574     1.0021     0.0172     0.0162     1.0000
   5220.0308   524.3600     1.0297     0.0175     0.0166     1.0000
   5220.0747   526.8857     1.0032     0.0172     0.0164     1.0000
   5220.1182   529.3883     0.9934     0.0182     0.0174     1.0000
   5220.1616   531.8852     0.9986     0.0182     0.0175     1.0000
   5220.2051   534.3878     0.9835     0.0170     0.0163     1.0000
   5220.2485   536.8847     0.9938     0.0170     0.0163     1.0000
   5220.2920   539.3873     0.9811     0.0169     0.0161     1.0000
   5220.3354   541.8842     0.9937     0.0171     0.0161     1.0000
   5220.3794   544.4156     0.9939     0.0171     0.0159     1.0000
   5220.4228   546.9124     0.9824     0.0170     0.0156     1.0000
   5220.4663   549.4151     0.9957     0.0171     0.0155     1.0000
   5220.5098   551.9177     1.0074     0.0172     0.0154     1.0000
   5220.5532   554.4146     1.0173     0.0173     0.0153     1.0000
   5220.5967   556.9172     1.0203     0.0173     0.0151     1.0000
   5220.6406   559.4428     1.0119     0.0172     0.0148     1.0000
   5220.6841   561.9454     1.0043     0.0171     0.0145     1.0000
   5220.7275   564.4423     1.0018     0.0171     0.0143     1.0000
   5220.7710   566.9449     0.9927     0.0170     0.0140     1.0000
   5220.8144   569.4418     1.0125     0.0172     0.0139     1.0000
   5220.8579   571.9444     1.0173     0.0172     0.0138     1.0000
   5220.9019   574.4758     1.0076     0.0171     0.0135     1.0000
   5220.9453   576.9727     1.0125     0.0172     0.0133     1.0000
   5220.9888   579.4753     1.0107     0.0172     0.0132     1.0000
   5221.0322   581.9722     0.9982     0.0170     0.0129     1.0000
   5221.0757   584.4748     1.0029     0.0171     0.0128     1.0000
   5221.1191   586.9717     1.0116     0.0172     0.0128     1.0000
   5221.1631   589.5031     1.0000     0.0170     0.0125     1.0000
   5221.2065   592.0000     1.0040     0.0171     0.0125     1.0000
   5221.2500   594.5026     1.0008     0.0171     0.0124     1.0000
   5221.2935   597.0052     0.9996     0.0171     0.0124     1.0000
   5221.3369   599.5021     0.9980     0.0170     0.0123     1.0000
   5221.3804   602.0047     0.9834     0.0169     0.0121     1.0000
   5221.4243   604.5304     0.9790     0.0168     0.0121     1.0000
