   5155.0132  -592.1694     0.9863     0.0153     0.0130     1.0000
   5155.0562  -589.6736     1.0211     0.0157     0.0138     1.0000
   5155.0996  -587.1547     0.9876     0.0154     0.0133     1.0000
   5155.1426  -584.6589     1.0074     0.0155     0.0131     1.0000
   5155.1856  -582.1632     1.0104     0.0155     0.0127     1.0000
   5155.2285  -579.6732     1.0226     0.0156     0.0126     1.0000
   5155.2715  -577.1775     1.0156     0.0156     0.0127     1.0000
   5155.3144  -574.6875     1.0018     0.0155     0.0127     1.0000
   5155.3574  -572.1918     0.9982     0.0155     0.0126     1.0000
   5155.4004  -569.6960     0.9908     0.0154     0.0123     1.0000
   5155.4434  -567.2003     0.9935     0.0154     0.0121     1.0000
   5155.4863  -564.7104     1.0140     0.0156     0.0125     1.0000
   5155.5293  -562.2146     0.9909     0.0154     0.0131     1.0000
   5155.5723  -559.7189     0.9745     0.0152     0.0135     1.0000
   5155.6152  -557.2289     0.9975     0.0155     0.0134     1.0000
   5155.6582  -554.7332     0.9860     0.0154     0.0128     1.0000
   5155.7012  -552.2374     1.0031     0.0155     0.0126     1.0000
   5155.7441  -549.7475     0.9985     0.0155     0.0126     1.0000
   5155.7871  -547.2517     1.0143     0.0156     0.0130     1.0000
   5155.8301  -544.7560     1.0075     0.0156     0.0129     1.0000
   5155.8731  -542.2602     0.9938     0.0155     0.0125     1.0000
   5155.9160  -539.7703     0.9985     0.0155     0.0122     1.0000
   5155.9590  -537.2745     0.9911     0.0154     0.0120     1.0000
   5156.0024  -534.7556     0.9869     0.0154     0.0124     1.0000
   5156.0454  -532.2598     0.9933     0.0154     0.0133     1.0000
   5156.0884  -529.7641     0.9861     0.0154     0.0135     1.0000
   5156.1313  -527.2741     1.0336     0.0158     0.0136     1.0000
   5156.1743  -524.7784     1.0065     0.0155     0.0128     1.0000
   5156.2173  -522.2826     0.9993     0.0154     0.0125     1.0000
   5156.2603  -519.7869     0.9871     0.0153     0.0128     1.0000
   5156.3032  -517.2969     1.0002     0.0154     0.0132     1.0000
   5156.3462  -514.8012     0.9914     0.0154     0.0128     1.0000
   5156.3892  -512.3055     0.9955     0.0158     0.0126     1.0000
   5156.4321  -509.8155     0.9901     0.0158     0.0122     1.0000
   5156.4751  -507.3198     0.9813     0.0156     0.0122     1.0000
   5156.5181  -504.8240     0.9965     0.0155     0.0127     1.0000
   5156.5610  -502.3341     0.9859     0.0154     0.0131     1.0000
   5156.6040  -499.8383     1.0055     0.0156     0.0134     1.0000
   5156.6470  -497.3426     0.9948     0.0155     0.0130     1.0000
   5156.6904  -494.8236     0.9989     0.0155     0.0128     1.0000
   5156.7334  -492.3279     1.0004     0.0155     0.0131     1.0000
   5156.7764  -489.8321     0.9943     0.0154     0.0133     1.0000
   5156.8193  -487.3422     0.9988     0.0155     0.0134     1.0000
   5156.8623  -484.8464     1.0089     0.0160     0.0132     1.0000
   5156.9053  -482.3507     0.9953     0.0158     0.0123     1.0000
   5156.9482  -479.8607     1.0061     0.0155     0.0121     1.0000
   5156.9912  -477.3650     1.0060     0.0155     0.0125     1.0000
   5157.0342  -474.8692     1.0175     0.0157     0.0131     1.0000
   5157.0772  -472.3735     0.9831     0.0158     0.0128     1.0000
   5157.1201  -469.8835     1.0050     0.0155     0.0124     1.0000
   5157.1631  -467.3878     0.9939     0.0154     0.0126     1.0000
   5157.2060  -464.8979     0.9901     0.0154     0.0132     1.0000
   5157.2490  -462.4021     0.9942     0.0154     0.0137     1.0000
   5157.2925  -459.8773     0.9941     0.0154     0.0133     1.0000
   5157.3354  -457.3874     1.0075     0.0156     0.0128     1.0000
   5157.3784  -454.8916     0.9959     0.0155     0.0124     1.0000
   5157.4214  -452.3959     1.0062     0.0156     0.0127     1.0000
   5157.4644  -449.9002     1.0319     0.0158     0.0133     1.0000
   5157.5073  -447.4102     1.0352     0.0158     0.0131     1.0000
   5157.5503  -444.9145     1.0244     0.0157     0.0125     1.0000
   5157.5933  -442.4187     1.0101     0.0156     0.0119     1.0000
   5157.6362  -439.9288     1.0055     0.0156     0.0122     1.0000
   5157.6792  -437.4330     0.9872     0.0154     0.0129     1.0000
   5157.7222  -434.9373     0.9936     0.0154     0.0134     1.0000
   5157.7651  -432.4473     1.0213     0.0157     0.0134     1.0000
   5157.8086  -429.9226     1.0226     0.0157     0.0130     1.0000
   5157.8516  -427.4268     0.9949     0.0155     0.0127     1.0000
   5157.8945  -424.9369     0.9790     0.0153     0.0130     1.0000
   5157.9375  -422.4411     1.0071     0.0157     0.0138     1.0000
   5157.9805  -419.9454     0.9806     0.0163     0.0137     1.0000
   5158.0234  -417.4554     1.0043     0.0168     0.0134     1.0000
   5158.0664  -414.9597     1.0007     0.0160     0.0125     1.0000
   5158.1094  -412.4639     0.9941     0.0157     0.0127     1.0000
   5158.1523  -409.9740     1.0029     0.0155     0.0129     1.0000
   5158.1953  -407.4782     1.0074     0.0156     0.0127     1.0000
   5158.2383  -404.9825     1.0005     0.0155     0.0122     1.0000
   5158.2817  -402.4635     1.0004     0.0155     0.0122     1.0000
   5158.3247  -399.9678     1.0072     0.0156     0.0130     1.0000
   5158.3677  -397.4720     0.9852     0.0154     0.0136     1.0000
   5158.4106  -394.9821     0.9939     0.0155     0.0135     1.0000
   5158.4536  -392.4863     1.0024     0.0156     0.0129     1.0000
   5158.4966  -389.9906     1.0031     0.0156     0.0126     1.0000
   5158.5396  -387.4949     1.0025     0.0156     0.0130     1.0000
   5158.5825  -385.0049     1.0055     0.0156     0.0135     1.0000
   5158.6255  -382.5092     0.9910     0.0155     0.0132     1.0000
   5158.6685  -380.0134     0.9924     0.0155     0.0123     1.0000
   5158.7119  -377.4944     0.9953     0.0155     0.0119     1.0000
   5158.7549  -374.9987     1.0069     0.0156     0.0124     1.0000
   5158.7978  -372.5088     1.0100     0.0156     0.0129     1.0000
   5158.8408  -370.0130     1.0111     0.0156     0.0129     1.0000
   5158.8838  -367.5173     0.9935     0.0155     0.0122     1.0000
   5158.9268  -365.0215     0.9957     0.0155     0.0124     1.0000
   5158.9697  -362.5316     1.0146     0.0157     0.0132     1.0000
   5159.0127  -360.0358     1.0011     0.0155     0.0137     1.0000
   5159.0557  -357.5401     0.9998     0.0155     0.0135     1.0000
   5159.0986  -355.0501     1.0126     0.0157     0.0129     1.0000
   5159.1421  -352.5254     1.0010     0.0156     0.0126     1.0000
   5159.1851  -350.0296     1.0067     0.0157     0.0131     1.0000
   5159.2280  -347.5397     1.0128     0.0157     0.0137     1.0000
   5159.2710  -345.0439     0.9898     0.0155     0.0130     1.0000
   5159.3140  -342.5482     1.0031     0.0156     0.0123     1.0000
   5159.3569  -340.0582     1.0085     0.0156     0.0120     1.0000
   5159.3999  -337.5625     1.0024     0.0156     0.0126     1.0000
   5159.4429  -335.0667     1.0045     0.0157     0.0131     1.0000
   5159.4858  -332.5768     0.9939     0.0156     0.0126     1.0000
   5159.5293  -330.0520     0.9852     0.0155     0.0121     1.0000
   5159.5723  -327.5563     0.9697     0.0153     0.0124     1.0000
   5159.6152  -325.0663     0.9789     0.0154     0.0133     1.0000
   5159.6582  -322.5706     0.9966     0.0155     0.0137     1.0000
   5159.7012  -320.0748     0.9821     0.0155     0.0131     1.0000
   5159.7441  -317.5849     0.9778     0.0158     0.0128     1.0000
   5159.7871  -315.0891     1.0058     0.0160     0.0132     1.0000
   5159.8301  -312.5934     0.9860     0.0156     0.0135     1.0000
   5159.8735  -310.0744     1.0028     0.0156     0.0136     1.0000
   5159.9165  -307.5787     0.9988     0.0156     0.0127     1.0000
   5159.9595  -305.0829     1.0146     0.0157     0.0124     1.0000
   5160.0024  -302.5930     1.0051     0.0156     0.0125     1.0000
   5160.0454  -300.0972     1.0074     0.0156     0.0130     1.0000
   5160.0884  -297.6015     0.9988     0.0155     0.0127     1.0000
   5160.1313  -295.1116     0.9990     0.0155     0.0120     1.0000
   5160.1743  -292.6158     0.9909     0.0155     0.0120     1.0000
   5160.2178  -290.0910     0.9884     0.0154     0.0129     1.0000
   5160.2607  -287.6011     1.0029     0.0155     0.0135     1.0000
   5160.3037  -285.1053     1.0071     0.0156     0.0131     1.0000
   5160.3467  -282.6096     1.0255     0.0158     0.0128     1.0000
   5160.3897  -280.1139     1.0209     0.0158     0.0129     1.0000
   5160.4326  -277.6239     0.9811     0.0155     0.0134     1.0000
   5160.4756  -275.1282     0.9779     0.0154     0.0134     1.0000
   5160.5185  -272.6382     0.9826     0.0154     0.0126     1.0000
   5160.5620  -270.1135     0.9974     0.0156     0.0125     1.0000
   5160.6050  -267.6177     1.0150     0.0158     0.0132     1.0000
   5160.6479  -265.1278     0.9932     0.0163     0.0138     1.0000
   5160.6909  -262.6320     0.9934     0.0156     0.0128     1.0000
   5160.7339  -260.1363     1.0050     0.0156     0.0121     1.0000
   5160.7769  -257.6405     1.0100     0.0157     0.0121     1.0000
   5160.8198  -255.1506     1.0070     0.0157     0.0128     1.0000
   5160.8633  -252.6258     0.9988     0.0156     0.0131     1.0000
   5160.9062  -250.1359     0.9735     0.0154     0.0124     1.0000
   5160.9492  -247.6401     1.0042     0.0156     0.0126     1.0000
   5160.9922  -245.1444     1.0206     0.0158     0.0132     1.0000
   5161.0352  -242.6486     1.0142     0.0158     0.0136     1.0000
   5161.0781  -240.1587     1.0034     0.0157     0.0133     1.0000
   5161.1211  -237.6629     0.9853     0.0155     0.0125     1.0000
   5161.1646  -235.1382     0.9986     0.0156     0.0128     1.0000
   5161.2075  -232.6482     0.9850     0.0155     0.0133     1.0000
   5161.2505  -230.1525     0.9987     0.0156     0.0135     1.0000
   5161.2935  -227.6567     1.0102     0.0157     0.0129     1.0000
   5161.3364  -225.1668     1.0046     0.0157     0.0126     1.0000
   5161.3794  -222.6710     0.9946     0.0156     0.0128     1.0000
   5161.4224  -220.1753     1.0208     0.0158     0.0134     1.0000
   5161.4658  -217.6563     1.0100     0.0157     0.0128     1.0000
   5161.5088  -215.1606     1.0110     0.0158     0.0122     1.0000
   5161.5518  -212.6648     1.0007     0.0156     0.0123     1.0000
   5161.5947  -210.1749     0.9894     0.0155     0.0129     1.0000
   5161.6377  -207.6791     0.9983     0.0156     0.0132     1.0000
   5161.6807  -205.1834     0.9960     0.0156     0.0126     1.0000
   5161.7241  -202.6644     0.9901     0.0155     0.0125     1.0000
   5161.7671  -200.1687     1.0075     0.0157     0.0132     1.0000
   5161.8101  -197.6729     0.9987     0.0157     0.0134     1.0000
   5161.8530  -195.1830     0.9961     0.0156     0.0128     1.0000
   5161.8960  -192.6872     0.9947     0.0156     0.0126     1.0000
   5161.9390  -190.1915     0.9890     0.0156     0.0130     1.0000
   5161.9819  -187.7015     1.0054     0.0157     0.0136     1.0000
   5162.0254  -185.1768     0.9926     0.0156     0.0132     1.0000
   5162.0684  -182.6810     1.0061     0.0157     0.0128     1.0000
   5162.1113  -180.1911     1.0093     0.0158     0.0130     1.0000
   5162.1543  -177.6953     1.0007     0.0157     0.0134     1.0000
   5162.1973  -175.1996     0.9978     0.0160     0.0134     1.0000
   5162.2402  -172.7096     1.0184     0.0158     0.0125     1.0000
   5162.2837  -170.1849     1.0203     0.0159     0.0124     1.0000
   5162.3267  -167.6891     0.9906     0.0156     0.0126     1.0000
   5162.3696  -165.1992     1.0072     0.0158     0.0131     1.0000
   5162.4126  -162.7034     0.9921     0.0156     0.0126     1.0000
   5162.4556  -160.2077     0.9873     0.0160     0.0130     1.0000
   5162.4985  -157.7177     1.0053     0.0178     0.0148     1.0000
   5162.5420  -155.1930     0.9950     0.0176     0.0148     1.0000
   5162.5850  -152.6972     0.9991     0.0168     0.0138     1.0000
   5162.6279  -150.2073     0.9984     0.0168     0.0134     1.0000
   5162.6709  -147.7115     0.9970     0.0168     0.0136     1.0000
   5162.7139  -145.2158     1.0095     0.0169     0.0142     1.0000
   5162.7568  -142.7258     1.0017     0.0168     0.0141     1.0000
   5162.8003  -140.2011     0.9878     0.0167     0.0137     1.0000
   5162.8433  -137.7053     1.0216     0.0170     0.0140     1.0000
   5162.8862  -135.2154     0.9922     0.0167     0.0142     1.0000
   5162.9292  -132.7196     0.9852     0.0166     0.0142     1.0000
   5162.9722  -130.2239     1.0018     0.0168     0.0137     1.0000
   5163.0151  -127.7339     1.0128     0.0169     0.0136     1.0000
   5163.0586  -125.2092     1.0038     0.0168     0.0137     1.0000
   5163.1016  -122.7134     1.0121     0.0169     0.0138     1.0000
   5163.1445  -120.2235     1.0095     0.0169     0.0134     1.0000
   5163.1875  -117.7277     0.9942     0.0167     0.0131     1.0000
   5163.2305  -115.2320     1.0258     0.0170     0.0139     1.0000
   5163.2739  -112.7130     1.0098     0.0168     0.0140     1.0000
   5163.3169  -110.2173     1.0024     0.0167     0.0137     1.0000
   5163.3599  -107.7215     1.0136     0.0168     0.0136     1.0000
   5163.4028  -105.2316     0.9773     0.0164     0.0134     1.0000
   5163.4458  -102.7358     0.9742     0.0164     0.0134     1.0000
   5163.4888  -100.2401     0.9940     0.0166     0.0133     1.0000
   5163.5322   -97.7211     0.9811     0.0165     0.0131     1.0000
   5163.5752   -95.2254     0.9665     0.0164     0.0133     1.0000
   5163.6182   -92.7296     0.9850     0.0165     0.0139     1.0000
   5163.6611   -90.2397     0.9773     0.0165     0.0136     1.0000
   5163.7041   -87.7439     0.9934     0.0167     0.0137     1.0000
   5163.7476   -85.2192     0.9858     0.0165     0.0139     1.0000
   5163.7905   -82.7292     0.9877     0.0166     0.0142     1.0000
   5163.8335   -80.2335     0.9874     0.0166     0.0139     1.0000
   5163.8765   -77.7377     0.9859     0.0166     0.0136     1.0000
   5163.9194   -75.2478     0.9719     0.0165     0.0135     1.0000
   5163.9629   -72.7230     0.9749     0.0165     0.0136     1.0000
   5164.0059   -70.2273     0.9772     0.0165     0.0132     1.0000
   5164.0488   -67.7373     0.9907     0.0166     0.0131     1.0000
   5164.0918   -65.2416     0.9906     0.0166     0.0134     1.0000
   5164.1348   -62.7458     0.9744     0.0165     0.0135     1.0000
   5164.1777   -60.2559     0.9556     0.0163     0.0133     1.0000
   5164.2212   -57.7311     0.9559     0.0163     0.0133     1.0000
   5164.2642   -55.2354     0.9137     0.0158     0.0131     1.0000
   5164.3071   -52.7454     0.8464     0.0152     0.0124     1.0000
   5164.3501   -50.2497     0.7836     0.0146     0.0116     1.0000
   5164.3931   -47.7539     0.7923     0.0147     0.0115     1.0000
   5164.4365   -45.2350     0.8020     0.0148     0.0118     1.0000
   5164.4795   -42.7392     0.8093     0.0149     0.0119     1.0000
   5164.5225   -40.2435     0.8474     0.0152     0.0121     1.0000
   5164.5654   -37.7535     0.8859     0.0156     0.0125     1.0000
   5164.6084   -35.2578     0.9302     0.0160     0.0133     1.0000
   5164.6519   -32.7330     0.9406     0.0161     0.0136     1.0000
   5164.6948   -30.2431     0.9280     0.0160     0.0133     1.0000
   5164.7378   -27.7473     0.9236     0.0159     0.0133     1.0000
   5164.7808   -25.2516     0.9360     0.0161     0.0138     1.0000
   5164.8242   -22.7326     0.8933     0.0157     0.0133     1.0000
   5164.8672   -20.2369     0.8643     0.0154     0.0127     1.0000
   5164.9102   -17.7411     0.8543     0.0152     0.0126     1.0000
   5164.9531   -15.2512     0.7507     0.0142     0.0117     1.0000
   5164.9961   -12.7554     0.6618     0.0132     0.0107     1.0000
   5165.0396   -10.2307     0.6466     0.0130     0.0104     1.0000
   5165.0825    -7.7407     0.7491     0.0142     0.0116     1.0000
   5165.1255    -5.2450     0.8535     0.0152     0.0127     1.0000
   5165.1685    -2.7492     0.8566     0.0152     0.0127     1.0000
   5165.2114    -0.2593     0.7534     0.0142     0.0116     1.0000
   5165.2549     2.2655     0.6139     0.0127     0.0104     1.0000
   5165.2978     4.7554     0.6007     0.0125     0.0103     1.0000
   5165.3408     7.2512     0.6781     0.0133     0.0106     1.0000
   5165.3838     9.7469     0.7576     0.0142     0.0111     1.0000
   5165.4268    12.2427     0.7781     0.0144     0.0114     1.0000
   5165.4702    14.7616     0.7350     0.0140     0.0110     1.0000
   5165.5132    17.2574     0.7456     0.0141     0.0110     1.0000
   5165.5562    19.7531     0.7763     0.0144     0.0112     1.0000
   5165.5991    22.2431     0.8119     0.0147     0.0119     1.0000
   5165.6426    24.7678     0.8191     0.0148     0.0120     1.0000
   5165.6856    27.2636     0.7810     0.0144     0.0116     1.0000
   5165.7285    29.7535     0.7512     0.0141     0.0117     1.0000
   5165.7715    32.2493     0.7205     0.0138     0.0118     1.0000
   5165.8144    34.7392     0.7109     0.0137     0.0117     1.0000
   5165.8579    37.2640     0.6951     0.0135     0.0115     1.0000
   5165.9009    39.7597     0.7044     0.0135     0.0116     1.0000
   5165.9438    42.2497     0.7706     0.0143     0.0122     1.0000
   5165.9868    44.7454     0.8373     0.0150     0.0126     1.0000
   5166.0303    47.2702     0.8949     0.0155     0.0129     1.0000
   5166.0732    49.7601     0.9181     0.0158     0.0132     1.0000
   5166.1162    52.2559     0.9079     0.0157     0.0129     1.0000
   5166.1592    54.7516     0.8571     0.0165     0.0135     1.0000
   5166.2026    57.2706     0.8101     0.0147     0.0120     1.0000
   5166.2456    59.7664     0.7393     0.0139     0.0116     1.0000
   5166.2886    62.2621     0.6706     0.0132     0.0109     1.0000
   5166.3315    64.7520     0.6025     0.0125     0.0102     1.0000
   5166.3745    67.2478     0.6357     0.0128     0.0106     1.0000
   5166.4180    69.7726     0.7287     0.0138     0.0113     1.0000
   5166.4609    72.2625     0.8549     0.0152     0.0121     1.0000
   5166.5039    74.7583     0.9364     0.0160     0.0126     1.0000
   5166.5469    77.2540     0.9843     0.0164     0.0130     1.0000
   5166.5903    79.7730     0.9935     0.0165     0.0128     1.0000
   5166.6333    82.2687     0.9952     0.0165     0.0127     1.0000
   5166.6763    84.7645     0.9949     0.0165     0.0128     1.0000
   5166.7192    87.2544     1.0019     0.0166     0.0130     1.0000
   5166.7627    89.7792     0.9967     0.0166     0.0128     1.0000
   5166.8057    92.2749     0.9949     0.0165     0.0129     1.0000
   5166.8486    94.7649     1.0066     0.0167     0.0134     1.0000
   5166.8916    97.2606     0.9926     0.0166     0.0134     1.0000
   5166.9351    99.7854     0.9809     0.0165     0.0134     1.0000
   5166.9780   102.2753     0.9699     0.0164     0.0135     1.0000
   5167.0210   104.7711     0.9883     0.0166     0.0140     1.0000
   5167.0640   107.2668     0.9923     0.0166     0.0141     1.0000
   5167.1074   109.7858     0.9866     0.0171     0.0146     1.0000
   5167.1504   112.2815     1.0100     0.0179     0.0154     1.0000
   5167.1934   114.7773     0.9968     0.0175     0.0150     1.0000
   5167.2363   117.2672     0.9929     0.0175     0.0149     1.0000
   5167.2798   119.7920     0.9910     0.0168     0.0143     1.0000
   5167.3228   122.2877     1.0149     0.0167     0.0143     1.0000
   5167.3657   124.7777     0.9975     0.0168     0.0143     1.0000
   5167.4087   127.2734     0.9904     0.0180     0.0149     1.0000
   5167.4522   129.7982     0.9989     0.0193     0.0161     1.0000
   5167.4951   132.2881     1.0048     0.0175     0.0147     1.0000
   5167.5381   134.7839     0.9931     0.0174     0.0147     1.0000
   5167.5810   137.2738     0.9975     0.0166     0.0138     1.0000
   5167.6245   139.7986     0.9986     0.0166     0.0140     1.0000
   5167.6675   142.2943     0.9898     0.0165     0.0138     1.0000
   5167.7104   144.7843     0.9789     0.0166     0.0138     1.0000
   5167.7534   147.2800     0.9671     0.0165     0.0135     1.0000
   5167.7969   149.8048     0.9893     0.0167     0.0135     1.0000
   5167.8398   152.2948     0.9831     0.0169     0.0132     1.0000
   5167.8828   154.7905     0.9957     0.0170     0.0133     1.0000
   5167.9258   157.2862     1.0004     0.0170     0.0132     1.0000
   5167.9692   159.8052     0.9955     0.0169     0.0129     1.0000
   5168.0122   162.3010     1.0011     0.0170     0.0128     1.0000
   5168.0552   164.7967     1.0029     0.0170     0.0130     1.0000
   5168.0981   167.2867     0.9772     0.0167     0.0126     1.0000
   5168.1416   169.8114     0.9958     0.0169     0.0126     1.0000
   5168.1846   172.3072     0.9826     0.0167     0.0127     1.0000
   5168.2275   174.7971     0.9864     0.0168     0.0129     1.0000
   5168.2705   177.2929     0.9777     0.0166     0.0126     1.0000
   5168.3140   179.8176     1.0012     0.0168     0.0130     1.0000
   5168.3569   182.3076     0.9945     0.0167     0.0131     1.0000
   5168.3999   184.8033     1.0130     0.0169     0.0133     1.0000
   5168.4429   187.2991     0.9921     0.0167     0.0132     1.0000
   5168.4863   189.8180     0.9849     0.0166     0.0135     1.0000
   5168.5293   192.3138     0.9896     0.0166     0.0137     1.0000
   5168.5723   194.8095     0.9865     0.0166     0.0138     1.0000
   5168.6157   197.3285     1.0073     0.0168     0.0144     1.0000
   5168.6587   199.8242     1.0106     0.0168     0.0147     1.0000
   5168.7017   202.3200     0.9899     0.0174     0.0152     1.0000
   5168.7446   204.8099     0.9973     0.0185     0.0168     1.0000
   5168.7881   207.3347     0.9955     0.0194     0.0156     1.0000
   5168.8310   209.8246     0.9914     0.0168     0.0148     1.0000
   5168.8740   212.3204     1.0108     0.0169     0.0148     1.0000
   5168.9170   214.8161     1.0075     0.0169     0.0149     1.0000
   5168.9604   217.3351     1.0143     0.0170     0.0148     1.0000
   5169.0034   219.8308     1.0061     0.0169     0.0146     1.0000
   5169.0464   222.3266     0.9941     0.0168     0.0145     1.0000
   5169.0898   224.8456     1.0290     0.0172     0.0148     1.0000
   5169.1328   227.3413     1.0041     0.0169     0.0144     1.0000
   5169.1758   229.8371     1.0097     0.0170     0.0146     1.0000
   5169.2188   232.3328     1.0104     0.0170     0.0147     1.0000
   5169.2622   234.8518     0.9972     0.0169     0.0144     1.0000
   5169.3052   237.3475     0.9977     0.0169     0.0145     1.0000
   5169.3481   239.8375     1.0201     0.0171     0.0147     1.0000
   5169.3916   242.3622     1.0075     0.0170     0.0143     1.0000
   5169.4346   244.8580     1.0002     0.0169     0.0142     1.0000
   5169.4775   247.3479     1.0028     0.0170     0.0141     1.0000
   5169.5205   249.8437     1.0184     0.0171     0.0140     1.0000
   5169.5640   252.3684     1.0138     0.0171     0.0137     1.0000
   5169.6069   254.8584     1.0028     0.0170     0.0135     1.0000
   5169.6499   257.3541     0.9739     0.0167     0.0131     1.0000
   5169.6934   259.8789     0.9786     0.0167     0.0129     1.0000
   5169.7363   262.3688     0.9806     0.0167     0.0129     1.0000
   5169.7793   264.8646     1.0123     0.0170     0.0130     1.0000
   5169.8223   267.3603     1.0065     0.0169     0.0127     1.0000
   5169.8657   269.8793     1.0001     0.0168     0.0127     1.0000
   5169.9087   272.3750     0.9898     0.0167     0.0125     1.0000
   5169.9517   274.8708     0.9922     0.0168     0.0124     1.0000
   5169.9951   277.3898     1.0055     0.0168     0.0125     1.0000
   5170.0381   279.8855     1.0166     0.0169     0.0126     1.0000
   5170.0810   282.3754     1.0129     0.0168     0.0124     1.0000
   5170.1245   284.9002     1.0023     0.0167     0.0123     1.0000
   5170.1675   287.3960     1.0061     0.0168     0.0124     1.0000
   5170.2104   289.8859     0.9993     0.0167     0.0123     1.0000
   5170.2534   292.3817     0.9986     0.0167     0.0124     1.0000
   5170.2969   294.9064     0.9982     0.0167     0.0125     1.0000
   5170.3398   297.3964     1.0129     0.0169     0.0126     1.0000
   5170.3828   299.8921     1.0220     0.0170     0.0127     1.0000
   5170.4263   302.4169     1.0096     0.0169     0.0128     1.0000
   5170.4692   304.9068     1.0066     0.0169     0.0128     1.0000
   5170.5122   307.4026     1.0070     0.0169     0.0129     1.0000
   5170.5557   309.9273     0.9998     0.0169     0.0129     1.0000
   5170.5986   312.4173     1.0178     0.0170     0.0132     1.0000
   5170.6416   314.9130     0.9994     0.0169     0.0131     1.0000
   5170.6846   317.4088     0.9982     0.0169     0.0133     1.0000
   5170.7280   319.9277     1.0009     0.0169     0.0134     1.0000
   5170.7710   322.4235     0.9888     0.0168     0.0134     1.0000
   5170.8140   324.9192     0.9918     0.0168     0.0136     1.0000
   5170.8574   327.4382     0.9903     0.0168     0.0137     1.0000
   5170.9004   329.9339     0.9929     0.0168     0.0137     1.0000
   5170.9434   332.4297     1.0035     0.0173     0.0143     1.0000
   5170.9868   334.9487     1.0076     0.0172     0.0144     1.0000
   5171.0298   337.4444     0.9980     0.0169     0.0142     1.0000
   5171.0728   339.9402     1.0123     0.0170     0.0146     1.0000
   5171.1162   342.4591     0.9971     0.0172     0.0148     1.0000
   5171.1592   344.9549     0.9852     0.0173     0.0150     1.0000
   5171.2022   347.4506     0.9998     0.0175     0.0153     1.0000
   5171.2456   349.9696     1.0229     0.0174     0.0154     1.0000
   5171.2886   352.4653     1.0135     0.0173     0.0154     1.0000
   5171.3315   354.9553     1.0164     0.0173     0.0156     1.0000
   5171.3745   357.4510     1.0219     0.0174     0.0158     1.0000
   5171.4180   359.9758     0.9929     0.0171     0.0156     1.0000
   5171.4609   362.4657     1.0172     0.0173     0.0158     1.0000
   5171.5039   364.9615     1.0321     0.0177     0.0163     1.0000
   5171.5474   367.4862     1.0180     0.0173     0.0158     1.0000
   5171.5903   369.9762     1.0088     0.0175     0.0161     1.0000
   5171.6333   372.4719     1.0017     0.0174     0.0160     1.0000
   5171.6768   374.9967     0.9867     0.0172     0.0158     1.0000
   5171.7197   377.4866     0.9580     0.0169     0.0155     1.0000
   5171.7627   379.9824     0.9933     0.0173     0.0158     1.0000
   5171.8062   382.5072     1.0169     0.0175     0.0160     1.0000
   5171.8491   384.9971     1.0046     0.0174     0.0158     1.0000
   5171.8921   387.4929     1.0067     0.0173     0.0158     1.0000
   5171.9356   390.0176     1.0076     0.0174     0.0158     1.0000
   5171.9785   392.5076     1.0023     0.0173     0.0157     1.0000
   5172.0215   395.0033     0.9989     0.0173     0.0157     1.0000
   5172.0649   397.5223     1.0043     0.0173     0.0157     1.0000
   5172.1079   400.0180     1.0133     0.0174     0.0158     1.0000
   5172.1509   402.5138     1.0078     0.0174     0.0158     1.0000
   5172.1943   405.0327     1.0102     0.0173     0.0157     1.0000
   5172.2373   407.5285     1.0177     0.0175     0.0158     1.0000
   5172.2803   410.0242     0.9911     0.0172     0.0156     1.0000
   5172.3237   412.5432     1.0084     0.0174     0.0158     1.0000
   5172.3667   415.0389     0.9990     0.0173     0.0157     1.0000
   5172.4097   417.5347     0.9852     0.0171     0.0155     1.0000
   5172.4531   420.0537     1.0181     0.0174     0.0158     1.0000
   5172.4961   422.5494     1.0010     0.0172     0.0156     1.0000
   5172.5391   425.0452     1.0061     0.0173     0.0156     1.0000
   5172.5825   427.5641     0.9970     0.0171     0.0154     1.0000
   5172.6255   430.0599     0.9979     0.0171     0.0154     1.0000
   5172.6685   432.5556     1.0016     0.0171     0.0154     1.0000
   5172.7119   435.0746     0.9810     0.0168     0.0151     1.0000
   5172.7549   437.5703     0.9856     0.0168     0.0151     1.0000
   5172.7978   440.0603     1.0163     0.0172     0.0154     1.0000
   5172.8413   442.5850     0.9826     0.0168     0.0150     1.0000
   5172.8843   445.0808     0.9611     0.0167     0.0149     1.0000
   5172.9272   447.5707     1.0084     0.0172     0.0153     1.0000
   5172.9707   450.0955     0.9889     0.0181     0.0163     1.0000
   5173.0137   452.5912     0.9896     0.0181     0.0163     1.0000
   5173.0566   455.0812     0.9885     0.0173     0.0155     1.0000
   5173.1001   457.6060     0.9805     0.0169     0.0150     1.0000
   5173.1431   460.1017     0.9752     0.0168     0.0149     1.0000
   5173.1865   462.6207     0.9978     0.0170     0.0151     1.0000
   5173.2295   465.1164     1.0045     0.0171     0.0151     1.0000
   5173.2725   467.6122     0.9950     0.0169     0.0150     1.0000
   5173.3159   470.1311     0.9988     0.0170     0.0150     1.0000
   5173.3589   472.6269     0.9980     0.0170     0.0150     1.0000
   5173.4019   475.1226     0.9773     0.0167     0.0148     1.0000
   5173.4453   477.6416     1.0043     0.0170     0.0150     1.0000
   5173.4883   480.1373     0.9974     0.0169     0.0149     1.0000
   5173.5312   482.6273     0.9928     0.0168     0.0148     1.0000
   5173.5747   485.1520     0.9931     0.0168     0.0149     1.0000
   5173.6177   487.6478     0.9903     0.0168     0.0149     1.0000
   5173.6606   490.1377     0.9798     0.0167     0.0148     1.0000
   5173.7041   492.6625     0.9847     0.0167     0.0148     1.0000
   5173.7471   495.1583     1.0087     0.0169     0.0150     1.0000
   5173.7900   497.6482     0.9930     0.0167     0.0149     1.0000
   5173.8335   500.1730     0.9898     0.0166     0.0149     1.0000
   5173.8765   502.6687     0.9992     0.0167     0.0150     1.0000
   5173.9199   505.1877     1.0131     0.0169     0.0152     1.0000
   5173.9629   507.6834     0.9909     0.0167     0.0150     1.0000
   5174.0059   510.1792     1.0053     0.0168     0.0152     1.0000
   5174.0493   512.6981     0.9924     0.0167     0.0151     1.0000
   5174.0923   515.1939     0.9946     0.0167     0.0152     1.0000
   5174.1353   517.6896     1.0271     0.0171     0.0156     1.0000
   5174.1787   520.2086     0.9895     0.0168     0.0153     1.0000
   5174.2217   522.7043     0.9677     0.0165     0.0151     1.0000
   5174.2647   525.2001     0.9986     0.0168     0.0155     1.0000
   5174.3081   527.7191     1.0153     0.0170     0.0158     1.0000
   5174.3511   530.2148     1.0029     0.0169     0.0157     1.0000
   5174.3945   532.7338     1.0119     0.0170     0.0158     1.0000
   5174.4375   535.2295     0.9830     0.0167     0.0156     1.0000
   5174.4805   537.7253     1.0119     0.0170     0.0160     1.0000
   5174.5239   540.2442     0.9954     0.0168     0.0158     1.0000
   5174.5669   542.7400     1.0102     0.0170     0.0161     1.0000
   5174.6099   545.2357     0.9928     0.0168     0.0160     1.0000
   5174.6533   547.7547     0.9749     0.0166     0.0158     1.0000
   5174.6963   550.2504     0.9836     0.0168     0.0160     1.0000
   5174.7397   552.7694     1.0014     0.0169     0.0162     1.0000
   5174.7827   555.2651     1.0080     0.0170     0.0163     1.0000
   5174.8257   557.7609     0.9935     0.0168     0.0161     1.0000
   5174.8691   560.2799     0.9814     0.0166     0.0159     1.0000
   5174.9121   562.7756     0.9922     0.0168     0.0160     1.0000
   5174.9551   565.2714     0.9925     0.0168     0.0160     1.0000
   5174.9985   567.7903     1.0009     0.0169     0.0160     1.0000
   5175.0415   570.2861     1.0140     0.0170     0.0161     1.0000
   5175.0850   572.8108     1.0382     0.0173     0.0163     1.0000
   5175.1279   575.3008     1.0055     0.0170     0.0159     1.0000
   5175.1709   577.7965     1.0083     0.0171     0.0159     1.0000
   5175.2144   580.3213     0.9919     0.0169     0.0156     1.0000
   5175.2573   582.8112     1.0209     0.0172     0.0157     1.0000
   5175.3008   585.3360     1.0156     0.0171     0.0156     1.0000
   5175.3438   587.8317     0.9991     0.0170     0.0152     1.0000
   5175.3867   590.3217     1.0066     0.0170     0.0152     1.0000
   5175.4302   592.8465     0.9830     0.0168     0.0148     1.0000
   5175.4731   595.3364     0.9775     0.0168     0.0146     1.0000
   5175.5161   597.8322     1.0072     0.0170     0.0147     1.0000
   5175.5596   600.3569     1.0049     0.0170     0.0145     1.0000
   5175.6025   602.8469     1.0063     0.0171     0.0144     1.0000
   5175.6460   605.3716     1.0017     0.0170     0.0142     1.0000
