   3071.1853  -592.7842     0.5642     0.1387     0.1085     1.0000
   3071.2109  -590.2902     1.0481     0.1564     0.1193     1.0000
   3071.2366  -587.7865     0.7535     0.1453     0.1073     1.0000
   3071.2622  -585.2925     0.8743     0.1484     0.1140     1.0000
   3071.2878  -582.7985     0.8484     0.1453     0.1115     1.0000
   3071.3135  -580.2948     0.9562     0.1500     0.1169     1.0000
   3071.3389  -577.8203     1.1092     0.1607     0.1214     1.0000
   3071.3645  -575.3263     0.7713     0.1447     0.1084     1.0000
   3071.3901  -572.8323     0.6825     0.1429     0.1108     1.0000
   3071.4158  -570.3285     0.7938     0.1489     0.1161     1.0000
   3071.4414  -567.8345     0.7320     0.1512     0.1146     1.0000
   3071.4670  -565.3406     1.1648     0.1675     0.1251     1.0000
   3071.4927  -562.8368     0.8727     0.1553     0.1189     1.0000
   3071.5183  -560.3428     0.7605     0.1450     0.1126     1.0000
   3071.5440  -557.8391     1.2078     0.1888     0.1510     1.0000
   3071.5696  -555.3451     0.8305     0.1492     0.1167     1.0000
   3071.5952  -552.8511     0.9204     0.1550     0.1133     1.0000
   3071.6206  -550.3766     0.8957     0.1539     0.1198     1.0000
   3071.6462  -547.8826     0.9487     0.1573     0.1233     1.0000
   3071.6719  -545.3789     1.2204     0.1684     0.1331     1.0000
   3071.6975  -542.8849     1.0507     0.1707     0.1304     1.0000
   3071.7231  -540.3909     0.8672     0.1477     0.1084     1.0000
   3071.7488  -537.8872     0.9859     0.1513     0.1165     1.0000
   3071.7744  -535.3932     0.9347     0.1742     0.1294     1.0000
   3071.8000  -532.8992     1.0193     0.1609     0.1262     1.0000
   3071.8257  -530.3954     1.2019     0.1680     0.1310     1.0000
   3071.8513  -527.9014     0.9195     0.1473     0.1070     1.0000
   3071.8769  -525.4075     0.7644     0.1395     0.1046     1.0000
   3071.9026  -522.9037     0.6868     0.1318     0.1016     1.0000
   3071.9282  -520.4097     0.6545     0.1319     0.1041     1.0000
   3071.9536  -517.9352     0.7455     0.1324     0.1052     1.0000
   3071.9792  -515.4412     0.9190     0.1438     0.1044     1.0000
   3072.0049  -512.9375     0.9902     0.1566     0.1201     1.0000
   3072.0305  -510.4435     1.1123     0.1622     0.1243     1.0000
   3072.0561  -507.9495     1.1112     0.1633     0.1309     1.0000
   3072.0818  -505.4458     0.9492     0.1531     0.1229     1.0000
   3072.1074  -502.9518     0.7660     0.1463     0.1045     1.0000
   3072.1331  -500.4481     1.0195     0.1545     0.1187     1.0000
   3072.1587  -497.9541     1.0584     0.1837     0.1322     1.0000
   3072.1843  -495.4601     1.1169     0.1603     0.1253     1.0000
   3072.2100  -492.9563     1.2566     0.1683     0.1349     1.0000
   3072.2356  -490.4623     0.9633     0.1477     0.1043     1.0000
   3072.2612  -487.9683     0.9715     0.1494     0.1121     1.0000
   3072.2869  -485.4646     0.9369     0.1531     0.1197     1.0000
   3072.3125  -482.9706     1.5157     0.1858     0.1471     1.0000
   3072.3381  -480.4766     0.9285     0.1559     0.1178     1.0000
   3072.3635  -478.0021     0.8139     0.1397     0.1051     1.0000
   3072.3892  -475.4984     0.8580     0.1389     0.0989     1.0000
   3072.4148  -473.0044     1.0748     0.1610     0.1306     1.0000
   3072.4404  -470.5104     0.8061     0.1407     0.1060     1.0000
   3072.4661  -468.0067     0.7638     0.1421     0.1142     1.0000
   3072.4917  -465.5127     0.6167     0.1306     0.0971     1.0000
   3072.5173  -463.0187     0.7304     0.1399     0.1006     1.0000
   3072.5430  -460.5150     1.1548     0.1648     0.1310     1.0000
   3072.5686  -458.0210     1.1131     0.1626     0.1269     1.0000
   3072.5942  -455.5270     0.9433     0.1494     0.1181     1.0000
   3072.6199  -453.0232     1.2213     0.1608     0.1239     1.0000
   3072.6455  -450.5292     1.1524     0.1629     0.1175     1.0000
   3072.6711  -448.0352     0.8995     0.1450     0.1085     1.0000
   3072.6968  -445.5315     0.8036     0.1394     0.1055     1.0000
   3072.7224  -443.0375     1.1283     0.1748     0.1419     1.0000
   3072.7481  -440.5338     1.0105     0.1515     0.1170     1.0000
   3072.7737  -438.0398     1.1383     0.1638     0.1185     1.0000
   3072.7993  -435.5458     1.0725     0.1623     0.1289     1.0000
   3072.8250  -433.0421     1.1759     0.1688     0.1402     1.0000
   3072.8506  -430.5481     1.0999     0.1585     0.1219     1.0000
   3072.8760  -428.0736     0.9134     0.1484     0.1175     1.0000
   3072.9016  -425.5796     1.2488     0.1875     0.1446     1.0000
   3072.9273  -423.0758     0.7462     0.1489     0.1042     1.0000
   3072.9529  -420.5819     0.9191     0.1521     0.1188     1.0000
   3072.9785  -418.0879     0.8680     0.1465     0.1134     1.0000
   3073.0042  -415.5841     1.1046     0.1645     0.1290     1.0000
   3073.0298  -413.0901     0.9054     0.1527     0.1099     1.0000
   3073.0554  -410.5961     0.8211     0.1419     0.1051     1.0000
   3073.0810  -408.1022     0.7792     0.1375     0.1046     1.0000
   3073.1067  -405.5984     0.7953     0.1453     0.1119     1.0000
   3073.1323  -403.1044     1.2653     0.1683     0.1373     1.0000
   3073.1580  -400.6007     1.1375     0.1581     0.1247     1.0000
   3073.1836  -398.1067     0.7807     0.1444     0.0974     1.0000
   3073.2092  -395.6127     1.4146     0.1803     0.1433     1.0000
   3073.2349  -393.1090     1.4188     0.1982     0.1509     1.0000
   3073.2605  -390.6150     0.9364     0.1481     0.1182     1.0000
   3073.2861  -388.1210     0.9173     0.1424     0.1151     1.0000
   3073.3118  -385.6173     0.9059     0.1477     0.1054     1.0000
   3073.3374  -383.1233     0.9448     0.1533     0.1160     1.0000
   3073.3630  -380.6293     0.8919     0.1464     0.1148     1.0000
   3073.3887  -378.1255     1.0765     0.1808     0.1404     1.0000
   3073.4143  -375.6315     0.9850     0.1582     0.1315     1.0000
   3073.4399  -373.1376     1.0740     0.1634     0.1244     1.0000
   3073.4656  -370.6338     1.2887     0.1694     0.1219     1.0000
   3073.4912  -368.1398     1.1544     0.1651     0.1280     1.0000
   3073.5168  -365.6458     0.8511     0.1431     0.1117     1.0000
   3073.5425  -363.1421     0.8186     0.1475     0.1184     1.0000
   3073.5681  -360.6481     1.0183     0.1558     0.1257     1.0000
   3073.5938  -358.1444     0.8462     0.1458     0.1021     1.0000
   3073.6194  -355.6504     1.0603     0.1562     0.1166     1.0000
   3073.6450  -353.1564     1.1526     0.1600     0.1249     1.0000
   3073.6707  -350.6527     1.0576     0.1579     0.1233     1.0000
   3073.6963  -348.1587     1.1552     0.1615     0.1332     1.0000
   3073.7219  -345.6647     1.0039     0.1525     0.1142     1.0000
   3073.7476  -343.1609     1.0757     0.1542     0.1101     1.0000
   3073.7732  -340.6669     1.1694     0.1613     0.1250     1.0000
   3073.7988  -338.1730     1.0086     0.1482     0.1180     1.0000
   3073.8245  -335.6692     0.9023     0.1475     0.1175     1.0000
   3073.8501  -333.1752     0.8011     0.1431     0.1107     1.0000
   3073.8757  -330.6812     0.9570     0.1506     0.1109     1.0000
   3073.9014  -328.1775     0.9399     0.1454     0.1069     1.0000
   3073.9270  -325.6835     0.4368     0.1182     0.0927     1.0000
   3073.9526  -323.1895     0.5044     0.1335     0.1060     1.0000
   3073.9783  -320.6858     0.9412     0.1538     0.1218     1.0000
   3074.0039  -318.1918     0.9543     0.1524     0.1126     1.0000
   3074.0295  -315.6978     1.0107     0.1548     0.1108     1.0000
   3074.0552  -313.1941     1.0913     0.1568     0.1227     1.0000
   3074.0808  -310.7001     0.6381     0.1364     0.1096     1.0000
   3074.1065  -308.1963     0.8707     0.1470     0.1175     1.0000
   3074.1321  -305.7023     0.8497     0.1453     0.1147     1.0000
   3074.1577  -303.2084     0.6914     0.1348     0.0940     1.0000
   3074.1833  -300.7144     1.0191     0.1573     0.1181     1.0000
   3074.2090  -298.2106     1.1365     0.2124     0.1417     1.0000
   3074.2346  -295.7166     0.8847     0.1546     0.1228     1.0000
   3074.2602  -293.2226     1.3711     0.1694     0.1419     1.0000
   3074.2859  -290.7189     0.7439     0.1337     0.1010     1.0000
   3074.3115  -288.2249     0.5693     0.1305     0.0930     1.0000
   3074.3372  -285.7212     0.6410     0.1363     0.0997     1.0000
   3074.3628  -283.2272     0.9600     0.1533     0.1194     1.0000
   3074.3884  -280.7332     0.9081     0.1547     0.1228     1.0000
   3074.4141  -278.2295     1.0636     0.1602     0.1336     1.0000
   3074.4397  -275.7355     0.9370     0.1486     0.1143     1.0000
   3074.4653  -273.2415     0.6799     0.1372     0.0953     1.0000
   3074.4910  -270.7377     0.7414     0.1416     0.1056     1.0000
   3074.5166  -268.2438     0.7179     0.1423     0.1114     1.0000
   3074.5422  -265.7498     0.6991     0.1372     0.1126     1.0000
   3074.5679  -263.2460     1.1327     0.1673     0.1352     1.0000
   3074.5935  -260.7520     1.2001     0.1763     0.1315     1.0000
   3074.6191  -258.2580     0.7509     0.1522     0.1060     1.0000
   3074.6448  -255.7543     0.8478     0.1521     0.1187     1.0000
   3074.6704  -253.2603     0.5762     0.1297     0.1018     1.0000
   3074.6960  -250.7663     0.5425     0.1264     0.1071     1.0000
   3074.7217  -248.2626     0.6149     0.1339     0.1074     1.0000
   3074.7473  -245.7686     0.6902     0.1416     0.1011     1.0000
   3074.7730  -243.2649     0.8369     0.1466     0.1061     1.0000
   3074.7986  -240.7709     1.0496     0.1546     0.1218     1.0000
   3074.8242  -238.2769     0.5832     0.1292     0.0995     1.0000
   3074.8499  -235.7731     0.9658     0.1504     0.1267     1.0000
   3074.8755  -233.2792     0.9845     0.1450     0.1136     1.0000
   3074.9011  -230.7852     1.0007     0.1526     0.1100     1.0000
   3074.9268  -228.2814     0.7128     0.1424     0.1028     1.0000
   3074.9524  -225.7874     0.6843     0.1415     0.1131     1.0000
   3074.9780  -223.2934     1.0535     0.1579     0.1276     1.0000
   3075.0037  -220.7897     0.9541     0.1586     0.1312     1.0000
   3075.0293  -218.2957     0.9184     0.1567     0.1223     1.0000
   3075.0549  -215.8017     0.7962     0.1464     0.1002     1.0000
   3075.0806  -213.2980     0.9427     0.1508     0.1141     1.0000
   3075.1062  -210.8040     1.0670     0.1577     0.1274     1.0000
   3075.1318  -208.3100     1.0145     0.1570     0.1268     1.0000
   3075.1575  -205.8063     1.1265     0.1699     0.1381     1.0000
   3075.1831  -203.3123     1.1612     0.1680     0.1297     1.0000
   3075.2087  -200.8183     0.5610     0.1276     0.0858     1.0000
   3075.2344  -198.3146     0.6813     0.1353     0.0957     1.0000
   3075.2602  -195.8011     1.1689     0.1676     0.1349     1.0000
   3075.2859  -193.2973     1.1016     0.1833     0.1470     1.0000
   3075.3115  -190.8034     1.0265     0.1627     0.1375     1.0000
   3075.3372  -188.2996     0.9087     0.1503     0.1125     1.0000
   3075.3628  -185.8056     0.9504     0.1565     0.1092     1.0000
   3075.3884  -183.3116     1.0032     0.1650     0.1233     1.0000
   3075.4141  -180.8079     0.7084     0.1541     0.1224     1.0000
   3075.4397  -178.3139     0.8197     0.1558     0.1278     1.0000
   3075.4653  -175.8199     0.7953     0.1543     0.1268     1.0000
   3075.4910  -173.3162     1.0150     0.1717     0.1353     1.0000
   3075.5166  -170.8222     0.7510     0.1555     0.1075     1.0000
   3075.5422  -168.3282     0.9143     0.1583     0.1122     1.0000
   3075.5679  -165.8245     0.9627     0.1673     0.1302     1.0000
   3075.5935  -163.3305     0.9311     0.1608     0.1310     1.0000
   3075.6191  -160.8365     1.4708     0.2191     0.1866     1.0000
   3075.6448  -158.3327     0.8704     0.1539     0.1112     1.0000
   3075.6704  -155.8388     1.3821     0.2014     0.1409     1.0000
   3075.6960  -153.3448     1.2052     0.1798     0.1365     1.0000
   3075.7217  -150.8410     1.0422     0.1554     0.1261     1.0000
   3075.7473  -148.3470     0.8472     0.1423     0.1159     1.0000
   3075.7732  -145.8238     0.8926     0.1463     0.1220     1.0000
   3075.7988  -143.3298     0.9768     0.1595     0.1290     1.0000
   3075.8245  -140.8261     0.9194     0.1539     0.1075     1.0000
   3075.8501  -138.3321     0.9503     0.1607     0.1151     1.0000
   3075.8757  -135.8381     1.4107     0.2048     0.1582     1.0000
   3075.9014  -133.3344     1.2932     0.1986     0.1605     1.0000
   3075.9270  -130.8404     0.9936     0.1586     0.1320     1.0000
   3075.9526  -128.3464     1.0578     0.1660     0.1351     1.0000
   3075.9783  -125.8427     1.0013     0.1591     0.1151     1.0000
   3076.0039  -123.3487     0.9029     0.1555     0.1070     1.0000
   3076.0295  -120.8547     1.0929     0.1640     0.1282     1.0000
   3076.0552  -118.3509     1.1742     0.1928     0.1481     1.0000
   3076.0808  -115.8569     1.1547     0.1687     0.1425     1.0000
   3076.1065  -113.3532     1.3462     0.1743     0.1389     1.0000
   3076.1321  -110.8592     1.2054     0.1660     0.1216     1.0000
   3076.1577  -108.3652     0.9198     0.1500     0.1021     1.0000
   3076.1836  -105.8420     1.1859     0.1651     0.1217     1.0000
   3076.2092  -103.3480     0.9888     0.1628     0.1313     1.0000
   3076.2349  -100.8443     0.7613     0.1482     0.1220     1.0000
   3076.2605   -98.3503     0.8764     0.1531     0.1287     1.0000
   3076.2861   -95.8563     0.7742     0.1704     0.1288     1.0000
   3076.3118   -93.3526     0.9034     0.1548     0.1100     1.0000
   3076.3374   -90.8586     1.1158     0.1629     0.1152     1.0000
   3076.3630   -88.3646     0.9470     0.1620     0.1219     1.0000
   3076.3887   -85.8608     1.2003     0.2043     0.1733     1.0000
   3076.4143   -83.3669     1.2045     0.1825     0.1511     1.0000
   3076.4399   -80.8729     1.0713     0.1687     0.1351     1.0000
   3076.4656   -78.3691     0.7976     0.1517     0.1081     1.0000
   3076.4912   -75.8751     0.6758     0.1443     0.1004     1.0000
   3076.5171   -73.3519     0.6228     0.1379     0.0991     1.0000
   3076.5427   -70.8579     0.5751     0.1415     0.1131     1.0000
   3076.5684   -68.3542     0.4619     0.1397     0.1162     1.0000
   3076.5940   -65.8602     0.7164     0.1498     0.1276     1.0000
   3076.6196   -63.3662     0.1159     0.1322     0.0987     1.0000
   3076.6453   -60.8625     0.0446     0.1320     0.0937     1.0000
   3076.6709   -58.3685    -0.0163     0.1335     0.0930     1.0000
   3076.6965   -55.8745    -0.0566     0.1238     0.0973     1.0000
   3076.7222   -53.3708    -0.0010     0.1215     0.0975     1.0000
   3076.7478   -50.8768     0.0997     0.1333     0.1155     1.0000
   3076.7734   -48.3828    -0.0986     0.1063     0.0868     1.0000
   3076.7993   -45.8596     0.1801     0.1205     0.0901     1.0000
   3076.8250   -43.3558     0.2044     0.1245     0.0867     1.0000
   3076.8506   -40.8618     0.0007     0.1159     0.0850     1.0000
   3076.8762   -38.3678    -0.0555     0.1135     0.0909     1.0000
   3076.9019   -35.8641    -0.0461     0.1208     0.1006     1.0000
   3076.9275   -33.3701    -0.0185     0.1269     0.1091     1.0000
   3076.9531   -30.8761     0.2161     0.1176     0.0911     1.0000
   3076.9788   -28.3724     0.2230     0.1273     0.0930     1.0000
   3077.0044   -25.8784     0.0201     0.1153     0.0783     1.0000
   3077.0300   -23.3844     0.1261     0.1108     0.0835     1.0000
   3077.0559   -20.8612     0.0960     0.1156     0.0966     1.0000
   3077.0815   -18.3672    -0.2118     0.1033     0.0871     1.0000
   3077.1072   -15.8635    -0.1980     0.1078     0.0901     1.0000
   3077.1328   -13.3695     0.0469     0.1137     0.0869     1.0000
   3077.1584   -10.8755    -0.0431     0.1092     0.0754     1.0000
   3077.1841    -8.3717    -0.2222     0.1093     0.0766     1.0000
   3077.2097    -5.8777    -0.1518     0.1142     0.0869     1.0000
   3077.2353    -3.3837     0.3141     0.1324     0.1131     1.0000
   3077.2610    -0.8800    -0.2771     0.1163     0.0978     1.0000
   3077.2866     1.6140    -0.2412     0.1148     0.0962     1.0000
   3077.3125     4.1372    -0.0108     0.1092     0.0805     1.0000
   3077.3381     6.6312     0.0763     0.1058     0.0740     1.0000
   3077.3638     9.1349     0.0304     0.1019     0.0695     1.0000
   3077.3894    11.6289    -0.0659     0.1158     0.0883     1.0000
   3077.4150    14.1229     0.0865     0.1302     0.1106     1.0000
   3077.4407    16.6266    -0.0904     0.1156     0.0988     1.0000
   3077.4663    19.1206     0.0182     0.1087     0.0888     1.0000
   3077.4919    21.6146    -0.1581     0.1094     0.0806     1.0000
   3077.5178    24.1378    -0.0860     0.1304     0.0901     1.0000
   3077.5435    26.6416    -0.0026     0.1357     0.0944     1.0000
   3077.5691    29.1356     0.0434     0.1170     0.0913     1.0000
   3077.5947    31.6296     0.1862     0.1222     0.1046     1.0000
   3077.6204    34.1333     0.1182     0.1185     0.1019     1.0000
   3077.6460    36.6273     0.2612     0.1196     0.0986     1.0000
   3077.6716    39.1213     0.1361     0.1177     0.0867     1.0000
   3077.6973    41.6250     0.0976     0.1174     0.0808     1.0000
   3077.7229    44.1190     0.1001     0.1160     0.0823     1.0000
   3077.7488    46.6422    -0.0757     0.1115     0.0875     1.0000
   3077.7744    49.1362     0.0270     0.1177     0.0993     1.0000
   3077.8000    51.6302     0.3998     0.1243     0.1090     1.0000
   3077.8257    54.1339     0.2889     0.1227     0.1018     1.0000
   3077.8513    56.6279    -0.0139     0.1101     0.0792     1.0000
   3077.8769    59.1219    -0.1309     0.1105     0.0754     1.0000
   3077.9026    61.6257    -0.1257     0.1170     0.0828     1.0000
   3077.9285    64.1489    -0.0231     0.1234     0.1005     1.0000
   3077.9541    66.6429     0.1356     0.1143     0.0944     1.0000
   3077.9797    69.1369     0.1616     0.1279     0.1132     1.0000
   3078.0054    71.6406     0.2439     0.1292     0.1087     1.0000
   3078.0310    74.1346     0.1507     0.1257     0.0909     1.0000
   3078.0566    76.6286     0.4119     0.1372     0.0976     1.0000
   3078.0823    79.1323     0.7858     0.1501     0.1025     1.0000
   3078.1079    81.6263     1.0958     0.1728     0.1315     1.0000
   3078.1338    84.1495     0.9494     0.1706     0.1404     1.0000
   3078.1594    86.6435     1.0823     0.1712     0.1502     1.0000
   3078.1851    89.1473     0.6400     0.1546     0.1313     1.0000
   3078.2107    91.6412     0.9121     0.1758     0.1377     1.0000
   3078.2363    94.1352     0.6983     0.1528     0.1079     1.0000
   3078.2620    96.6390     0.7641     0.1606     0.1121     1.0000
   3078.2876    99.1330     0.7516     0.1535     0.1100     1.0000
   3078.3135   101.6562     0.7962     0.1542     0.1264     1.0000
   3078.3391   104.1502     0.6831     0.1479     0.1239     1.0000
   3078.3648   106.6539     0.7880     0.1630     0.1392     1.0000
   3078.3904   109.1479     0.9439     0.1604     0.1310     1.0000
   3078.4160   111.6419     0.7354     0.1567     0.1114     1.0000
   3078.4417   114.1456     0.9454     0.1644     0.1107     1.0000
   3078.4673   116.6396     0.8970     0.1648     0.1208     1.0000
   3078.4932   119.1628     0.3246     0.1297     0.0992     1.0000
   3078.5188   121.6568     0.7158     0.1466     0.1210     1.0000
   3078.5444   124.1508     0.8546     0.1585     0.1374     1.0000
   3078.5701   126.6546     1.0668     0.1620     0.1376     1.0000
   3078.5957   129.1485     0.9682     0.1745     0.1332     1.0000
   3078.6213   131.6425     0.8487     0.1739     0.1187     1.0000
   3078.6472   134.1658     0.8108     0.1603     0.1124     1.0000
   3078.6728   136.6597     0.8899     0.1642     0.1213     1.0000
   3078.6985   139.1635     1.1511     0.1662     0.1327     1.0000
   3078.7241   141.6575     1.3195     0.1725     0.1504     1.0000
   3078.7498   144.1612     1.2263     0.1736     0.1514     1.0000
   3078.7754   146.6552     1.0486     0.1638     0.1305     1.0000
   3078.8013   149.1784     0.8808     0.1547     0.1095     1.0000
   3078.8269   151.6724     0.9147     0.1636     0.1143     1.0000
   3078.8525   154.1664     1.1086     0.1812     0.1269     1.0000
   3078.8782   156.6701     1.3363     0.1793     0.1344     1.0000
   3078.9038   159.1641     1.1800     0.1779     0.1549     1.0000
   3078.9294   161.6581     0.6485     0.1495     0.1282     1.0000
   3078.9553   164.1813     0.7226     0.1477     0.1226     1.0000
   3078.9810   166.6851     0.8864     0.1525     0.1196     1.0000
   3079.0066   169.1791     0.6707     0.1478     0.1085     1.0000
   3079.0322   171.6731     0.9502     0.1643     0.1107     1.0000
   3079.0579   174.1768     1.1755     0.1694     0.1190     1.0000
   3079.0835   176.6708     0.9350     0.1622     0.1304     1.0000
   3079.1094   179.1940     0.9623     0.1617     0.1371     1.0000
   3079.1350   181.6880     0.4695     0.1398     0.1188     1.0000
   3079.1606   184.1820     0.5556     0.1362     0.1152     1.0000
   3079.1863   186.6857     0.9812     0.1650     0.1273     1.0000
   3079.2119   189.1797     0.9324     0.1658     0.1140     1.0000
   3079.2375   191.6737     0.9802     0.1605     0.1124     1.0000
   3079.2634   194.1969     1.0964     0.1622     0.1186     1.0000
   3079.2891   196.7007     0.8336     0.1514     0.1115     1.0000
   3079.3147   199.1947     0.8569     0.1680     0.1363     1.0000
   3079.3403   201.6886     0.7982     0.1625     0.1453     1.0000
   3079.3660   204.1924     1.0369     0.1775     0.1537     1.0000
   3079.3916   206.6864     1.0088     0.1747     0.1266     1.0000
   3079.4175   209.2096     0.6710     0.1596     0.1120     1.0000
   3079.4431   211.7036     0.6105     0.1514     0.1065     1.0000
   3079.4688   214.2073     0.7311     0.1575     0.1084     1.0000
   3079.4944   216.7013     0.8052     0.1529     0.1152     1.0000
   3079.5200   219.1953     0.8164     0.1565     0.1339     1.0000
   3079.5459   221.7185     0.6001     0.1393     0.1181     1.0000
   3079.5715   224.2125     0.9367     0.1756     0.1521     1.0000
   3079.5972   226.7162     0.8157     0.1580     0.1261     1.0000
   3079.6228   229.2102     0.9352     0.1581     0.1155     1.0000
   3079.6484   231.7042     0.9562     0.1551     0.1006     1.0000
   3079.6743   234.2274     1.0081     0.1595     0.1162     1.0000
   3079.7000   236.7312     0.8725     0.1545     0.1203     1.0000
   3079.7256   239.2252     0.9889     0.1712     0.1324     1.0000
   3079.7512   241.7192     0.7734     0.1512     0.1249     1.0000
   3079.7769   244.2229     1.3696     0.1884     0.1675     1.0000
   3079.8027   246.7364     0.6501     0.1472     0.1113     1.0000
   3079.8284   249.2401     0.8037     0.1547     0.1101     1.0000
   3079.8540   251.7341     0.7502     0.1607     0.1147     1.0000
   3079.8796   254.2281     0.7120     0.1537     0.1083     1.0000
   3079.9053   256.7318     0.7992     0.1508     0.1031     1.0000
   3079.9311   259.2453     0.8451     0.1565     0.1273     1.0000
   3079.9568   261.7490     0.5210     0.1399     0.1209     1.0000
   3079.9824   264.2430     0.9109     0.1514     0.1274     1.0000
   3080.0081   266.7468     0.7484     0.1491     0.1187     1.0000
   3080.0337   269.2408     0.5954     0.1486     0.1178     1.0000
   3080.0596   271.7640     0.9425     0.1660     0.1203     1.0000
   3080.0852   274.2580     0.8878     0.1618     0.1069     1.0000
   3080.1108   276.7520     0.7190     0.1490     0.1050     1.0000
   3080.1365   279.2557     0.8265     0.1622     0.1259     1.0000
   3080.1621   281.7497     1.0833     0.1983     0.1549     1.0000
   3080.1880   284.2729     1.1954     0.1682     0.1382     1.0000
   3080.2136   286.7669     0.8175     0.1512     0.1349     1.0000
   3080.2393   289.2706     0.5579     0.1453     0.1177     1.0000
   3080.2649   291.7646     0.9539     0.1590     0.1125     1.0000
   3080.2905   294.2586     1.1148     0.1871     0.1400     1.0000
   3080.3164   296.7818     1.0375     0.1846     0.1385     1.0000
   3080.3420   299.2758     1.2932     0.1827     0.1205     1.0000
   3080.3677   301.7796     1.0301     0.1555     0.1140     1.0000
   3080.3933   304.2735     0.7926     0.1527     0.1315     1.0000
   3080.4190   306.7773     0.9216     0.1557     0.1337     1.0000
   3080.4448   309.2908     0.7330     0.1520     0.1227     1.0000
   3080.4705   311.7945     0.8090     0.1742     0.1427     1.0000
   3080.4961   314.2885     0.8005     0.1594     0.1223     1.0000
   3080.5217   316.7825     1.0823     0.1629     0.1073     1.0000
   3080.5476   319.3057     1.1597     0.1696     0.1199     1.0000
   3080.5732   321.7997     0.8044     0.1670     0.1227     1.0000
   3080.5989   324.3034     0.7889     0.1539     0.1149     1.0000
   3080.6245   326.7974     0.8210     0.1532     0.1165     1.0000
   3080.6501   329.2914     1.0804     0.1620     0.1421     1.0000
   3080.6760   331.8146     1.5373     0.1948     0.1689     1.0000
   3080.7017   334.3184     0.9321     0.1625     0.1216     1.0000
   3080.7273   336.8124     1.0418     0.1774     0.1340     1.0000
   3080.7529   339.3063     0.9295     0.1574     0.1179     1.0000
   3080.7788   341.8296     1.2218     0.1677     0.1137     1.0000
   3080.8044   344.3236     1.2244     0.1707     0.1166     1.0000
   3080.8301   346.8273     0.8582     0.1587     0.1217     1.0000
   3080.8557   349.3213     0.7469     0.1496     0.1218     1.0000
   3080.8816   351.8445     0.9201     0.1672     0.1318     1.0000
   3080.9072   354.3385     0.8453     0.1503     0.1288     1.0000
   3080.9329   356.8422     0.7235     0.1463     0.1260     1.0000
   3080.9585   359.3362     0.6994     0.1395     0.1040     1.0000
   3080.9841   361.8302     0.8458     0.1518     0.1053     1.0000
   3081.0100   364.3534     1.0834     0.1647     0.1185     1.0000
   3081.0356   366.8474     1.1328     0.1701     0.1236     1.0000
   3081.0613   369.3512     1.1346     0.1802     0.1250     1.0000
   3081.0869   371.8451     0.6810     0.1468     0.1087     1.0000
   3081.1128   374.3684     0.8296     0.1544     0.1334     1.0000
   3081.1384   376.8624     0.5764     0.1422     0.1188     1.0000
   3081.1641   379.3661     1.2155     0.1850     0.1518     1.0000
   3081.1897   381.8601     1.1600     0.1752     0.1452     1.0000
   3081.2156   384.3833     1.1530     0.1688     0.1307     1.0000
   3081.2412   386.8773     1.0861     0.1685     0.1124     1.0000
   3081.2668   389.3713     0.9361     0.1614     0.1119     1.0000
   3081.2925   391.8750     0.9786     0.1611     0.1182     1.0000
   3081.3184   394.3982     1.1158     0.1666     0.1232     1.0000
   3081.3440   396.8922     0.7486     0.1530     0.1104     1.0000
   3081.3696   399.3862     0.6780     0.1547     0.1302     1.0000
   3081.3953   401.8900     0.9954     0.1637     0.1449     1.0000
   3081.4211   404.4034     0.9050     0.1589     0.1284     1.0000
   3081.4468   406.9072     1.3413     0.1798     0.1410     1.0000
   3081.4724   409.4012     1.1642     0.1705     0.1334     1.0000
   3081.4981   411.9049     1.3671     0.1926     0.1402     1.0000
   3081.5239   414.4184     1.1082     0.1714     0.1106     1.0000
   3081.5496   416.9221     1.0410     0.1695     0.1252     1.0000
   3081.5752   419.4161     1.4512     0.1789     0.1392     1.0000
   3081.6008   421.9101     1.2652     0.1724     0.1245     1.0000
   3081.6267   424.4333     0.8759     0.1605     0.1206     1.0000
   3081.6523   426.9273     1.1684     0.1742     0.1545     1.0000
   3081.6780   429.4310     0.6393     0.1539     0.1286     1.0000
   3081.7036   431.9250     0.6870     0.1454     0.1095     1.0000
   3081.7295   434.4482     0.8526     0.1589     0.1240     1.0000
   3081.7551   436.9422     0.9230     0.1722     0.1313     1.0000
   3081.7808   439.4460     0.9305     0.1560     0.1062     1.0000
   3081.8064   441.9400     0.8774     0.1571     0.1033     1.0000
   3081.8323   444.4632     1.0253     0.1779     0.1373     1.0000
   3081.8579   446.9572     1.0184     0.1726     0.1322     1.0000
   3081.8835   449.4512     1.0067     0.1669     0.1216     1.0000
   3081.9094   451.9744     1.0973     0.1728     0.1439     1.0000
   3081.9351   454.4781     1.1472     0.1759     0.1592     1.0000
   3081.9607   456.9721     0.6220     0.1461     0.1161     1.0000
   3081.9863   459.4661     0.4433     0.1402     0.0988     1.0000
   3082.0122   461.9893     1.0864     0.1784     0.1411     1.0000
   3082.0378   464.4833     0.5490     0.1483     0.1090     1.0000
   3082.0635   466.9870     0.7866     0.1500     0.1013     1.0000
   3082.0891   469.4810     1.1329     0.1653     0.1097     1.0000
   3082.1150   472.0043     1.1206     0.1731     0.1354     1.0000
   3082.1406   474.4982     0.6521     0.1506     0.1138     1.0000
   3082.1663   477.0020     1.0149     0.1647     0.1218     1.0000
   3082.1921   479.5155     1.3932     0.1990     0.1698     1.0000
   3082.2178   482.0192     0.6984     0.1503     0.1359     1.0000
   3082.2434   484.5132     0.9412     0.1572     0.1269     1.0000
   3082.2690   487.0072     0.9537     0.1571     0.1161     1.0000
   3082.2949   489.5304     0.8943     0.1578     0.1221     1.0000
   3082.3206   492.0341     1.1269     0.1689     0.1261     1.0000
   3082.3462   494.5281     0.9592     0.1611     0.1057     1.0000
   3082.3721   497.0513     0.7447     0.1474     0.1010     1.0000
   3082.3977   499.5453     0.8704     0.1540     0.1205     1.0000
   3082.4233   502.0393     0.9727     0.1613     0.1232     1.0000
   3082.4490   504.5431     1.0191     0.1680     0.1148     1.0000
   3082.4749   507.0663     1.1644     0.1713     0.1432     1.0000
   3082.5005   509.5603     1.2345     0.1799     0.1648     1.0000
   3082.5261   512.0543     1.3572     0.1742     0.1454     1.0000
   3082.5520   514.5775     1.2004     0.1676     0.1240     1.0000
   3082.5776   517.0715     1.2664     0.1762     0.1421     1.0000
   3082.6033   519.5752     0.5997     0.1466     0.1065     1.0000
   3082.6289   522.0692     0.6065     0.1470     0.0970     1.0000
   3082.6548   524.5924     0.8492     0.1589     0.1139     1.0000
   3082.6804   527.0864     0.9413     0.1667     0.1321     1.0000
   3082.7060   529.5804     0.8788     0.1570     0.1129     1.0000
   3082.7319   532.1036     0.8882     0.1545     0.1099     1.0000
   3082.7576   534.6074     0.7097     0.1464     0.1164     1.0000
   3082.7832   537.1013     0.6561     0.1460     0.1243     1.0000
   3082.8088   539.5953     1.0907     0.1641     0.1366     1.0000
   3082.8347   542.1186     1.0995     0.1662     0.1333     1.0000
   3082.8603   544.6125     0.7759     0.1582     0.1297     1.0000
   3082.8860   547.1163     0.9300     0.1641     0.1260     1.0000
   3082.9119   549.6395     0.8549     0.1553     0.1066     1.0000
   3082.9375   552.1335     1.0413     0.1766     0.1223     1.0000
   3082.9631   554.6275     1.0689     0.1663     0.1317     1.0000
   3082.9890   557.1507     1.1280     0.1676     0.1244     1.0000
   3083.0147   559.6544     1.0298     0.1604     0.1068     1.0000
   3083.0403   562.1484     0.8897     0.1566     0.1198     1.0000
   3083.0662   564.6716     1.0649     0.1640     0.1354     1.0000
   3083.0918   567.1656     1.1406     0.1718     0.1323     1.0000
   3083.1174   569.6596     1.0714     0.1786     0.1389     1.0000
   3083.1431   572.1634     0.5786     0.1379     0.1189     1.0000
   3083.1690   574.6866     0.7459     0.1473     0.1236     1.0000
   3083.1946   577.1806     0.6314     0.1469     0.1061     1.0000
   3083.2202   579.6746     0.9396     0.1603     0.1173     1.0000
   3083.2461   582.1978     1.3299     0.1759     0.1408     1.0000
   3083.2717   584.6918     0.9252     0.1591     0.1128     1.0000
   3083.2974   587.1955     0.6999     0.1514     0.0995     1.0000
   3083.3232   589.7090     0.7773     0.1470     0.1086     1.0000
   3083.3489   592.2127     1.1443     0.1572     0.1261     1.0000
   3083.3745   594.7067     1.0216     0.1650     0.1231     1.0000
   3083.4004   597.2299     0.8182     0.1518     0.1094     1.0000
   3083.4260   599.7239     0.7304     0.1420     0.1200     1.0000
   3083.4517   602.2277     0.5209     0.1355     0.1132     1.0000
   3083.4775   604.7411     0.8382     0.1584     0.1240     1.0000
