   3388.8184  -591.5006     0.9615     0.0294     0.0248     1.0000
   3388.8464  -589.0285     1.0057     0.0301     0.0249     1.0000
   3388.8748  -586.5210     0.9977     0.0299     0.0235     1.0000
   3388.9031  -584.0224     0.9946     0.0299     0.0214     1.0000
   3388.9314  -581.5238     0.9928     0.0299     0.0199     1.0000
   3388.9595  -579.0428     0.9955     0.0301     0.0219     1.0000
   3388.9878  -576.5442     1.0212     0.0302     0.0246     1.0000
   3389.0161  -574.0456     0.9999     0.0300     0.0250     1.0000
   3389.0444  -571.5469     0.9633     0.0293     0.0243     1.0000
   3389.0725  -569.0660     1.0167     0.0303     0.0240     1.0000
   3389.1008  -566.5673     0.9977     0.0301     0.0206     1.0000
   3389.1292  -564.0599     1.0218     0.0307     0.0212     1.0000
   3389.1575  -561.5613     1.0060     0.0304     0.0230     1.0000
   3389.1856  -559.0803     0.9490     0.0293     0.0235     1.0000
   3389.2139  -556.5817     0.9245     0.0291     0.0243     1.0000
   3389.2422  -554.0831     1.0257     0.0305     0.0259     1.0000
   3389.2705  -551.5844     0.9814     0.0298     0.0226     1.0000
   3389.2986  -549.1035     0.9706     0.0298     0.0204     1.0000
   3389.3269  -546.6048     0.9984     0.0302     0.0214     1.0000
   3389.3552  -544.1062     0.9849     0.0299     0.0218     1.0000
   3389.3835  -541.6076     1.0099     0.0305     0.0243     1.0000
   3389.4116  -539.1266     1.0478     0.0310     0.0268     1.0000
   3389.4399  -536.6280     1.0116     0.0321     0.0261     1.0000
   3389.4683  -534.1205     1.0082     0.0306     0.0230     1.0000
   3389.4966  -531.6219     1.0068     0.0306     0.0218     1.0000
   3389.5249  -529.1233     0.9699     0.0293     0.0204     1.0000
   3389.5530  -526.6423     0.9736     0.0294     0.0208     1.0000
   3389.5813  -524.1437     1.0045     0.0302     0.0245     1.0000
   3389.6096  -521.6451     1.0160     0.0312     0.0273     1.0000
   3389.6379  -519.1464     1.0205     0.0304     0.0250     1.0000
   3389.6660  -516.6655     1.0198     0.0304     0.0236     1.0000
   3389.6943  -514.1669     0.9618     0.0296     0.0218     1.0000
   3389.7227  -511.6594     0.9682     0.0298     0.0201     1.0000
   3389.7510  -509.1608     0.9994     0.0302     0.0214     1.0000
   3389.7793  -506.6621     1.0431     0.0309     0.0252     1.0000
   3389.8074  -504.1812     1.0319     0.0313     0.0262     1.0000
   3389.8357  -501.6826     1.0360     0.0312     0.0259     1.0000
   3389.8640  -499.1839     1.0155     0.0306     0.0248     1.0000
   3389.8923  -496.6853     0.9985     0.0303     0.0218     1.0000
   3389.9207  -494.1779     1.0155     0.0305     0.0204     1.0000
   3389.9487  -491.7057     0.9811     0.0304     0.0219     1.0000
   3389.9770  -489.2071     1.0251     0.0312     0.0241     1.0000
   3390.0054  -486.6996     1.0254     0.0312     0.0253     1.0000
   3390.0337  -484.2010     0.9779     0.0304     0.0261     1.0000
   3390.0618  -481.7200     1.0135     0.0305     0.0252     1.0000
   3390.0901  -479.2214     1.0125     0.0305     0.0219     1.0000
   3390.1184  -476.7228     1.0529     0.0312     0.0219     1.0000
   3390.1467  -474.2242     1.0403     0.0309     0.0223     1.0000
   3390.1750  -471.7255     1.0091     0.0305     0.0220     1.0000
   3390.2031  -469.2446     1.0254     0.0309     0.0250     1.0000
   3390.2315  -466.7371     0.9813     0.0301     0.0263     1.0000
   3390.2598  -464.2385     0.9657     0.0298     0.0245     1.0000
   3390.2881  -461.7399     1.0473     0.0312     0.0238     1.0000
   3390.3164  -459.2412     0.9958     0.0310     0.0226     1.0000
   3390.3445  -456.7603     0.9813     0.0302     0.0210     1.0000
   3390.3728  -454.2617     0.9996     0.0304     0.0210     1.0000
   3390.4011  -451.7630     0.9789     0.0302     0.0238     1.0000
   3390.4294  -449.2644     0.9861     0.0305     0.0257     1.0000
   3390.4578  -446.7569     1.0157     0.0308     0.0253     1.0000
   3390.4861  -444.2583     1.0468     0.0310     0.0253     1.0000
   3390.5142  -441.7774     1.0016     0.0303     0.0230     1.0000
   3390.5425  -439.2787     1.0086     0.0304     0.0206     1.0000
   3390.5708  -436.7801     1.0019     0.0303     0.0212     1.0000
   3390.5991  -434.2815     0.9944     0.0304     0.0231     1.0000
   3390.6274  -431.7829     1.0256     0.0310     0.0245     1.0000
   3390.6555  -429.3019     0.9819     0.0302     0.0251     1.0000
   3390.6838  -426.8033     1.0523     0.0313     0.0270     1.0000
   3390.7122  -424.2958     1.0504     0.0314     0.0247     1.0000
   3390.7405  -421.7972     1.0239     0.0309     0.0218     1.0000
   3390.7688  -419.2986     1.0160     0.0309     0.0221     1.0000
   3390.7969  -416.8176     1.0176     0.0307     0.0219     1.0000
   3390.8252  -414.3190     1.0106     0.0305     0.0221     1.0000
   3390.8535  -411.8203     1.0261     0.0307     0.0252     1.0000
   3390.8818  -409.3217     1.0511     0.0313     0.0270     1.0000
   3390.9102  -406.8143     0.9844     0.0302     0.0242     1.0000
   3390.9385  -404.3156     1.0079     0.0307     0.0239     1.0000
   3390.9666  -401.8347     1.0183     0.0307     0.0229     1.0000
   3390.9949  -399.3360     1.0078     0.0305     0.0206     1.0000
   3391.0232  -396.8374     1.0015     0.0304     0.0213     1.0000
   3391.0515  -394.3388     0.9838     0.0300     0.0235     1.0000
   3391.0798  -391.8402     1.0291     0.0310     0.0252     1.0000
   3391.1082  -389.3327     1.0289     0.0312     0.0258     1.0000
   3391.1362  -386.8606     0.9922     0.0303     0.0256     1.0000
   3391.1645  -384.3619     0.9871     0.0310     0.0242     1.0000
   3391.1929  -381.8545     1.0185     0.0318     0.0220     1.0000
   3391.2212  -379.3559     1.0347     0.0312     0.0223     1.0000
   3391.2495  -376.8572     1.0234     0.0308     0.0224     1.0000
   3391.2778  -374.3586     1.0321     0.0312     0.0229     1.0000
   3391.3059  -371.8777     1.0370     0.0312     0.0254     1.0000
   3391.3342  -369.3790     1.0358     0.0311     0.0269     1.0000
   3391.3625  -366.8804     1.0160     0.0307     0.0249     1.0000
   3391.3909  -364.3729     0.9935     0.0303     0.0232     1.0000
   3391.4192  -361.8743     0.9853     0.0304     0.0230     1.0000
   3391.4475  -359.3757     0.9874     0.0304     0.0212     1.0000
   3391.4756  -356.8947     0.9705     0.0300     0.0206     1.0000
   3391.5039  -354.3961     0.9550     0.0299     0.0230     1.0000
   3391.5322  -351.8975     1.0351     0.0313     0.0251     1.0000
   3391.5606  -349.3900     1.0388     0.0330     0.0262     1.0000
   3391.5889  -346.8914     1.0116     0.0310     0.0264     1.0000
   3391.6172  -344.3928     1.0330     0.0310     0.0252     1.0000
   3391.6453  -341.9118     1.0282     0.0312     0.0222     1.0000
   3391.6736  -339.4132     1.0178     0.0312     0.0220     1.0000
   3391.7019  -336.9146     0.9929     0.0304     0.0224     1.0000
   3391.7302  -334.4159     0.9890     0.0301     0.0216     1.0000
   3391.7585  -331.9173     0.9888     0.0300     0.0228     1.0000
   3391.7869  -329.4099     0.9937     0.0304     0.0257     1.0000
   3391.8152  -326.9112     1.0118     0.0312     0.0261     1.0000
   3391.8433  -324.4303     1.0163     0.0356     0.0254     1.0000
   3391.8716  -321.9316     0.9902     0.0313     0.0245     1.0000
   3391.8999  -319.4330     0.9855     0.0302     0.0223     1.0000
   3391.9282  -316.9344     0.9549     0.0297     0.0199     1.0000
   3391.9565  -314.4358     0.9635     0.0297     0.0212     1.0000
   3391.9849  -311.9283     0.9865     0.0302     0.0236     1.0000
   3392.0132  -309.4297     0.9660     0.0302     0.0233     1.0000
   3392.0413  -306.9487     1.0207     0.0312     0.0256     1.0000
   3392.0696  -304.4501     0.9863     0.0304     0.0264     1.0000
   3392.0979  -301.9515     0.9873     0.0306     0.0244     1.0000
   3392.1262  -299.4528     0.9687     0.0303     0.0216     1.0000
   3392.1545  -296.9542     1.0160     0.0311     0.0229     1.0000
   3392.1829  -294.4468     1.0380     0.0315     0.0227     1.0000
   3392.2112  -291.9481     1.0158     0.0310     0.0218     1.0000
   3392.2393  -289.4672     0.9779     0.0303     0.0232     1.0000
   3392.2676  -286.9685     1.0143     0.0312     0.0260     1.0000
   3392.2959  -284.4699     0.9772     0.0306     0.0247     1.0000
   3392.3242  -281.9713     0.9779     0.0306     0.0251     1.0000
   3392.3525  -279.4727     1.0191     0.0313     0.0260     1.0000
   3392.3809  -276.9652     0.9949     0.0309     0.0226     1.0000
   3392.4092  -274.4666     1.0220     0.0315     0.0216     1.0000
   3392.4375  -271.9680     1.0541     0.0318     0.0235     1.0000
   3392.4656  -269.4870     1.0548     0.0317     0.0237     1.0000
   3392.4939  -266.9884     1.0582     0.0320     0.0238     1.0000
   3392.5222  -264.4897     1.0066     0.0314     0.0252     1.0000
   3392.5505  -261.9911     0.9815     0.0307     0.0261     1.0000
   3392.5789  -259.4837     1.0183     0.0311     0.0254     1.0000
   3392.6072  -256.9850     0.9883     0.0307     0.0239     1.0000
   3392.6355  -254.4864     0.9647     0.0302     0.0235     1.0000
   3392.6638  -251.9878     0.9935     0.0305     0.0218     1.0000
   3392.6919  -249.5068     0.9690     0.0316     0.0214     1.0000
   3392.7202  -247.0082     0.9282     0.0308     0.0235     1.0000
   3392.7485  -244.5096     0.9560     0.0327     0.0238     1.0000
   3392.7769  -242.0021     0.9599     0.0299     0.0227     1.0000
   3392.8052  -239.5035     0.9620     0.0300     0.0246     1.0000
   3392.8335  -237.0049     0.9711     0.0301     0.0259     1.0000
   3392.8618  -234.5062     0.9852     0.0306     0.0241     1.0000
   3392.8901  -232.0076     1.0145     0.0311     0.0230     1.0000
   3392.9185  -229.5002     1.0271     0.0313     0.0240     1.0000
   3392.9465  -227.0280     1.0046     0.0319     0.0229     1.0000
   3392.9749  -224.5206     0.9656     0.0305     0.0210     1.0000
   3393.0032  -222.0219     0.9524     0.0301     0.0234     1.0000
   3393.0315  -219.5233     0.9503     0.0298     0.0237     1.0000
   3393.0598  -217.0247     0.9781     0.0302     0.0231     1.0000
   3393.0881  -214.5261     0.9414     0.0294     0.0241     1.0000
   3393.1165  -212.0186     0.9468     0.0298     0.0254     1.0000
   3393.1448  -209.5200     0.9483     0.0300     0.0228     1.0000
   3393.1731  -207.0214     0.9530     0.0310     0.0221     1.0000
   3393.2014  -204.5227     0.9588     0.0304     0.0231     1.0000
   3393.2295  -202.0418     0.9873     0.0309     0.0226     1.0000
   3393.2578  -199.5431     0.9782     0.0306     0.0214     1.0000
   3393.2861  -197.0445     0.9820     0.0308     0.0239     1.0000
   3393.3144  -194.5459     0.9962     0.0309     0.0249     1.0000
   3393.3428  -192.0384     1.0081     0.0310     0.0239     1.0000
   3393.3711  -189.5398     0.9607     0.0303     0.0245     1.0000
   3393.3994  -187.0412     1.0005     0.0308     0.0263     1.0000
   3393.4277  -184.5426     0.9715     0.0302     0.0231     1.0000
   3393.4560  -182.0439     0.9853     0.0303     0.0214     1.0000
   3393.4844  -179.5365     0.9909     0.0306     0.0230     1.0000
   3393.5127  -177.0379     1.0289     0.0322     0.0238     1.0000
   3393.5408  -174.5569     1.0327     0.0315     0.0223     1.0000
   3393.5691  -172.0583     1.0130     0.0312     0.0237     1.0000
   3393.5974  -169.5596     0.9723     0.0304     0.0244     1.0000
   3393.6257  -167.0610     1.0194     0.0312     0.0244     1.0000
   3393.6541  -164.5536     0.9393     0.0300     0.0237     1.0000
   3393.6824  -162.0549     1.0202     0.0309     0.0264     1.0000
   3393.7107  -159.5563     0.9669     0.0303     0.0239     1.0000
   3393.7390  -157.0577     0.9905     0.0305     0.0217     1.0000
   3393.7673  -154.5591     0.9767     0.0304     0.0224     1.0000
   3393.7957  -152.0516     1.0178     0.0322     0.0243     1.0000
   3393.8240  -149.5530     0.9979     0.0306     0.0216     1.0000
   3393.8523  -147.0544     0.9891     0.0305     0.0226     1.0000
   3393.8804  -144.5734     0.9595     0.0300     0.0242     1.0000
   3393.9087  -142.0748     0.9776     0.0305     0.0239     1.0000
   3393.9370  -139.5761     1.0029     0.0307     0.0241     1.0000
   3393.9653  -137.0775     0.9996     0.0308     0.0261     1.0000
   3393.9936  -134.5789     1.0305     0.0313     0.0258     1.0000
   3394.0220  -132.0714     1.0040     0.0308     0.0223     1.0000
   3394.0503  -129.5728     0.9821     0.0304     0.0220     1.0000
   3394.0786  -127.0742     0.9645     0.0304     0.0233     1.0000
   3394.1069  -124.5756     0.9674     0.0305     0.0221     1.0000
   3394.1352  -122.0769     0.9891     0.0307     0.0224     1.0000
   3394.1636  -119.5695     1.0024     0.0318     0.0253     1.0000
   3394.1919  -117.0709     0.9753     0.0304     0.0239     1.0000
   3394.2202  -114.5722     0.9997     0.0312     0.0233     1.0000
   3394.2485  -112.0736     1.0564     0.0320     0.0259     1.0000
   3394.2766  -109.5926     1.0424     0.0319     0.0272     1.0000
   3394.3049  -107.0940     0.9614     0.0304     0.0231     1.0000
   3394.3333  -104.5866     0.9845     0.0307     0.0224     1.0000
   3394.3616  -102.0879     0.9922     0.0309     0.0240     1.0000
   3394.3899   -99.5893     1.0443     0.0318     0.0240     1.0000
   3394.4182   -97.0907     1.0276     0.0316     0.0222     1.0000
   3394.4465   -94.5921     1.0008     0.0312     0.0238     1.0000
   3394.4749   -92.0846     0.9835     0.0309     0.0245     1.0000
   3394.5032   -89.5860     0.9919     0.0313     0.0232     1.0000
   3394.5315   -87.0874     0.9964     0.0311     0.0236     1.0000
   3394.5598   -84.5887     0.9174     0.0315     0.0266     1.0000
   3394.5881   -82.0901     0.9337     0.0301     0.0249     1.0000
   3394.6165   -79.5826     0.8782     0.0289     0.0216     1.0000
   3394.6448   -77.0840     0.8776     0.0287     0.0221     1.0000
   3394.6731   -74.5854     0.8709     0.0283     0.0220     1.0000
   3394.7014   -72.0868     0.8063     0.0271     0.0191     1.0000
   3394.7297   -69.5881     0.6751     0.0248     0.0179     1.0000
   3394.7581   -67.0807     0.5234     0.0220     0.0174     1.0000
   3394.7864   -64.5821     0.3888     0.0188     0.0145     1.0000
   3394.8144   -62.1099     0.3189     0.0168     0.0121     1.0000
   3394.8428   -59.6025     0.2455     0.0150     0.0116     1.0000
   3394.8711   -57.1038     0.2267     0.0145     0.0117     1.0000
   3394.8994   -54.6052     0.1480     0.0128     0.0096     1.0000
   3394.9277   -52.1066     0.0736     0.0108     0.0082     1.0000
   3394.9560   -49.6080     0.0377     0.0088     0.0071     1.0000
   3394.9844   -47.1005     0.0225     0.0085     0.0063     1.0000
   3395.0127   -44.6019     0.0105     0.0082     0.0057     1.0000
   3395.0410   -42.1033     0.0395     0.0087     0.0067     1.0000
   3395.0693   -39.6046     0.0265     0.0081     0.0062     1.0000
   3395.0977   -37.0972     0.0117     0.0074     0.0055     1.0000
   3395.1260   -34.5986     0.0096     0.0078     0.0057     1.0000
   3395.1543   -32.0999     0.0270     0.0081     0.0065     1.0000
   3395.1826   -29.6013     0.0416     0.0094     0.0072     1.0000
   3395.2109   -27.1027     0.0245     0.0087     0.0063     1.0000
   3395.2393   -24.5952     0.0131     0.0080     0.0064     1.0000
   3395.2676   -22.0966     0.0284     0.0086     0.0069     1.0000
   3395.2959   -19.5980     0.0003     0.0076     0.0056     1.0000
   3395.3242   -17.0994     0.0102     0.0073     0.0055     1.0000
   3395.3525   -14.6007     0.0263     0.0075     0.0060     1.0000
   3395.3809   -12.0933     0.0240     0.0078     0.0058     1.0000
   3395.4092    -9.5947     0.0174     0.0079     0.0059     1.0000
   3395.4375    -7.0960     0.0174     0.0077     0.0061     1.0000
   3395.4658    -4.5974    -0.0146     0.0077     0.0060     1.0000
   3395.4941    -2.0988     0.0131     0.0082     0.0059     1.0000
   3395.5225     0.4087     0.0286     0.0086     0.0065     1.0000
   3395.5508     2.9073     0.0029     0.0081     0.0064     1.0000
   3395.5791     5.4059     0.0103     0.0083     0.0064     1.0000
   3395.6074     7.9046     0.0270     0.0086     0.0063     1.0000
   3395.6357    10.4032     0.0341     0.0089     0.0070     1.0000
   3395.6641    12.9106     0.0151     0.0081     0.0063     1.0000
   3395.6924    15.4093     0.0198     0.0081     0.0058     1.0000
   3395.7207    17.9079     0.0172     0.0081     0.0060     1.0000
   3395.7490    20.4065    -0.0033     0.0080     0.0063     1.0000
   3395.7773    22.9051     0.0240     0.0085     0.0066     1.0000
   3395.8057    25.4126     0.0165     0.0083     0.0062     1.0000
   3395.8340    27.9112     0.0132     0.0088     0.0067     1.0000
   3395.8623    30.4098     0.0238     0.0086     0.0070     1.0000
   3395.8906    32.9085     0.0140     0.0082     0.0060     1.0000
   3395.9187    35.3894     0.0216     0.0086     0.0062     1.0000
   3395.9470    37.8881     0.0238     0.0082     0.0064     1.0000
   3395.9753    40.3867     0.0212     0.0085     0.0066     1.0000
   3396.0037    42.8941     0.0311     0.0089     0.0064     1.0000
   3396.0320    45.3928     0.0518     0.0096     0.0074     1.0000
   3396.0603    47.8914     0.0936     0.0110     0.0089     1.0000
   3396.0886    50.3900     0.1255     0.0119     0.0092     1.0000
   3396.1169    52.8886     0.1346     0.0116     0.0084     1.0000
   3396.1453    55.3961     0.0956     0.0100     0.0077     1.0000
   3396.1736    57.8947     0.0532     0.0089     0.0070     1.0000
   3396.2019    60.3933     0.0557     0.0090     0.0069     1.0000
   3396.2302    62.8920     0.0618     0.0096     0.0069     1.0000
   3396.2585    65.3906     0.0534     0.0091     0.0071     1.0000
   3396.2869    67.8980     0.0765     0.0108     0.0083     1.0000
   3396.3154    70.4143     0.1675     0.0137     0.0096     1.0000
   3396.3438    72.9218     0.3229     0.0175     0.0126     1.0000
   3396.3721    75.4204     0.5271     0.0223     0.0182     1.0000
   3396.4004    77.9190     0.7356     0.0263     0.0208     1.0000
   3396.4287    80.4177     0.8135     0.0278     0.0210     1.0000
   3396.4570    82.9163     0.9072     0.0296     0.0238     1.0000
   3396.4853    85.4149     0.9534     0.0304     0.0248     1.0000
   3396.5137    87.9224     0.9377     0.0302     0.0225     1.0000
   3396.5420    90.4210     0.9417     0.0304     0.0223     1.0000
   3396.5703    92.9196     0.9721     0.0312     0.0250     1.0000
   3396.5986    95.4182     0.9260     0.0304     0.0238     1.0000
   3396.6269    97.9169     0.9010     0.0297     0.0213     1.0000
   3396.6553   100.4243     0.9149     0.0298     0.0221     1.0000
   3396.6836   102.9229     0.9730     0.0309     0.0243     1.0000
   3396.7119   105.4216     0.9804     0.0311     0.0229     1.0000
   3396.7402   107.9202     0.9766     0.0310     0.0221     1.0000
   3396.7685   110.4188     1.0032     0.0314     0.0243     1.0000
   3396.7969   112.9263     1.0096     0.0315     0.0248     1.0000
   3396.8252   115.4249     1.0036     0.0316     0.0235     1.0000
   3396.8535   117.9235     1.0127     0.0316     0.0241     1.0000
   3396.8818   120.4221     1.0009     0.0315     0.0261     1.0000
   3396.9102   122.9296     1.0112     0.0315     0.0257     1.0000
   3396.9385   125.4282     1.0034     0.0313     0.0233     1.0000
   3396.9668   127.9269     0.9945     0.0312     0.0240     1.0000
   3396.9951   130.4255     1.0011     0.0314     0.0254     1.0000
   3397.0234   132.9241     0.9839     0.0310     0.0232     1.0000
   3397.0518   135.4316     1.0025     0.0313     0.0229     1.0000
   3397.0801   137.9302     1.0092     0.0315     0.0247     1.0000
   3397.1084   140.4288     1.0143     0.0317     0.0252     1.0000
   3397.1367   142.9274     0.9547     0.0306     0.0218     1.0000
   3397.1650   145.4261     0.9632     0.0308     0.0218     1.0000
   3397.1934   147.9335     1.0107     0.0318     0.0250     1.0000
   3397.2217   150.4321     1.0274     0.0324     0.0251     1.0000
   3397.2500   152.9308     1.0096     0.0322     0.0230     1.0000
   3397.2783   155.4294     0.9995     0.0319     0.0242     1.0000
   3397.3066   157.9280     0.9827     0.0316     0.0255     1.0000
   3397.3350   160.4355     1.0075     0.0329     0.0252     1.0000
   3397.3633   162.9341     1.0406     0.0326     0.0249     1.0000
   3397.3916   165.4327     1.0223     0.0325     0.0259     1.0000
   3397.4202   167.9578     0.9901     0.0319     0.0260     1.0000
   3397.4485   170.4565     0.9992     0.0318     0.0241     1.0000
   3397.4768   172.9551     1.0123     0.0321     0.0242     1.0000
   3397.5051   175.4537     0.9482     0.0311     0.0251     1.0000
   3397.5334   177.9523     0.9083     0.0305     0.0245     1.0000
   3397.5618   180.4598     0.9551     0.0311     0.0228     1.0000
   3397.5901   182.9584     1.0016     0.0318     0.0239     1.0000
   3397.6184   185.4570     0.9964     0.0320     0.0255     1.0000
   3397.6467   187.9557     1.0097     0.0322     0.0247     1.0000
   3397.6750   190.4543     0.9957     0.0317     0.0226     1.0000
   3397.7034   192.9617     0.9909     0.0315     0.0233     1.0000
   3397.7317   195.4604     1.0440     0.0325     0.0257     1.0000
   3397.7600   197.9590     1.0250     0.0322     0.0232     1.0000
   3397.7883   200.4576     1.0579     0.0337     0.0241     1.0000
   3397.8167   202.9651     1.0122     0.0327     0.0254     1.0000
   3397.8450   205.4637     1.0422     0.0325     0.0260     1.0000
   3397.8733   207.9623     0.9848     0.0318     0.0237     1.0000
   3397.9016   210.4609     0.9744     0.0317     0.0240     1.0000
   3397.9299   212.9596     0.9623     0.0314     0.0255     1.0000
   3397.9585   215.4847     0.9907     0.0317     0.0254     1.0000
   3397.9868   217.9833     1.0282     0.0325     0.0243     1.0000
   3398.0151   220.4819     1.0293     0.0324     0.0248     1.0000
   3398.0435   222.9894     1.0185     0.0322     0.0265     1.0000
   3398.0718   225.4880     1.0066     0.0321     0.0253     1.0000
   3398.1001   227.9866     0.9891     0.0319     0.0235     1.0000
   3398.1284   230.4853     0.9996     0.0322     0.0248     1.0000
   3398.1567   232.9839     0.9905     0.0321     0.0261     1.0000
   3398.1851   235.4913     0.9771     0.0315     0.0238     1.0000
   3398.2134   237.9900     0.9891     0.0317     0.0231     1.0000
   3398.2417   240.4886     0.9786     0.0316     0.0242     1.0000
   3398.2700   242.9872     1.0127     0.0320     0.0253     1.0000
   3398.2983   245.4858     0.9748     0.0313     0.0224     1.0000
   3398.3267   247.9933     0.9827     0.0313     0.0224     1.0000
   3398.3552   250.5096     0.9904     0.0315     0.0243     1.0000
   3398.3835   253.0082     0.9877     0.0317     0.0245     1.0000
   3398.4119   255.5157     1.0102     0.0318     0.0229     1.0000
   3398.4402   258.0143     1.0097     0.0317     0.0231     1.0000
   3398.4685   260.5129     0.9978     0.0320     0.0256     1.0000
   3398.4968   263.0115     1.0023     0.0321     0.0252     1.0000
   3398.5251   265.5102     1.0031     0.0321     0.0239     1.0000
   3398.5535   268.0176     0.9967     0.0321     0.0246     1.0000
   3398.5818   270.5162     1.0056     0.0322     0.0263     1.0000
   3398.6101   273.0149     1.0245     0.0326     0.0253     1.0000
   3398.6384   275.5135     0.9790     0.0320     0.0237     1.0000
   3398.6667   278.0121     0.8993     0.0306     0.0233     1.0000
   3398.6953   280.5372     0.9762     0.0318     0.0259     1.0000
   3398.7236   283.0359     0.9936     0.0323     0.0247     1.0000
   3398.7519   285.5345     1.0178     0.0327     0.0242     1.0000
   3398.7803   288.0419     1.0182     0.0325     0.0258     1.0000
   3398.8086   290.5406     0.9638     0.0318     0.0259     1.0000
   3398.8369   293.0392     0.9794     0.0320     0.0244     1.0000
   3398.8652   295.5378     0.9760     0.0320     0.0239     1.0000
   3398.8935   298.0364     0.9549     0.0315     0.0250     1.0000
   3398.9219   300.5439     0.9907     0.0320     0.0259     1.0000
   3398.9502   303.0425     0.9971     0.0321     0.0236     1.0000
   3398.9785   305.5411     1.0092     0.0323     0.0237     1.0000
   3399.0071   308.0663     0.9748     0.0317     0.0247     1.0000
   3399.0354   310.5649     0.9765     0.0315     0.0245     1.0000
   3399.0637   313.0635     0.9985     0.0319     0.0229     1.0000
   3399.0920   315.5621     1.0537     0.0329     0.0238     1.0000
   3399.1204   318.0696     1.0403     0.0326     0.0254     1.0000
   3399.1487   320.5682     1.0065     0.0319     0.0244     1.0000
   3399.1770   323.0668     0.9900     0.0325     0.0232     1.0000
   3399.2053   325.5655     0.9900     0.0321     0.0233     1.0000
   3399.2336   328.0641     1.0631     0.0329     0.0261     1.0000
   3399.2620   330.5715     1.0423     0.0326     0.0250     1.0000
   3399.2905   333.0878     1.0221     0.0323     0.0234     1.0000
   3399.3189   335.5953     0.9967     0.0319     0.0236     1.0000
   3399.3472   338.0939     1.0528     0.0329     0.0264     1.0000
   3399.3755   340.5925     1.0381     0.0324     0.0251     1.0000
   3399.4038   343.0912     1.0259     0.0323     0.0241     1.0000
   3399.4321   345.5898     1.0039     0.0321     0.0244     1.0000
   3399.4605   348.0972     1.0691     0.0330     0.0269     1.0000
   3399.4888   350.5959     1.0219     0.0323     0.0247     1.0000
   3399.5173   353.1121     1.0048     0.0322     0.0237     1.0000
   3399.5457   355.6196     0.9835     0.0319     0.0247     1.0000
   3399.5740   358.1182     1.0097     0.0321     0.0261     1.0000
   3399.6023   360.6168     0.9853     0.0317     0.0242     1.0000
   3399.6306   363.1155     0.9814     0.0318     0.0233     1.0000
   3399.6589   365.6141     1.0217     0.0324     0.0253     1.0000
   3399.6873   368.1215     1.0036     0.0321     0.0262     1.0000
   3399.7156   370.6202     0.9946     0.0320     0.0245     1.0000
   3399.7439   373.1188     0.9832     0.0318     0.0237     1.0000
   3399.7725   375.6439     1.0029     0.0322     0.0258     1.0000
   3399.8008   378.1425     1.0098     0.0325     0.0266     1.0000
   3399.8291   380.6412     1.0239     0.0326     0.0248     1.0000
   3399.8574   383.1398     1.0376     0.0329     0.0245     1.0000
   3399.8857   385.6384     1.0044     0.0327     0.0257     1.0000
   3399.9141   388.1459     0.9571     0.0314     0.0252     1.0000
   3399.9424   390.6445     1.0062     0.0321     0.0242     1.0000
   3399.9707   393.1431     1.0028     0.0317     0.0232     1.0000
   3399.9993   395.6682     0.9798     0.0313     0.0244     1.0000
   3400.0276   398.1669     0.9754     0.0312     0.0249     1.0000
   3400.0559   400.6655     0.9658     0.0311     0.0228     1.0000
   3400.0842   403.1641     0.9623     0.0310     0.0222     1.0000
   3400.1125   405.6627     0.9784     0.0311     0.0242     1.0000
   3400.1409   408.1702     0.9965     0.0315     0.0248     1.0000
   3400.1692   410.6688     0.9843     0.0315     0.0230     1.0000
   3400.1977   413.1851     0.9515     0.0309     0.0220     1.0000
   3400.2261   415.6925     0.9443     0.0310     0.0238     1.0000
   3400.2544   418.1912     1.0303     0.0323     0.0254     1.0000
   3400.2827   420.6898     0.9827     0.0315     0.0227     1.0000
   3400.3110   423.1884     0.9965     0.0320     0.0227     1.0000
   3400.3394   425.6959     1.0313     0.0326     0.0253     1.0000
   3400.3677   428.1945     1.0054     0.0321     0.0250     1.0000
   3400.3962   430.7108     0.9953     0.0320     0.0232     1.0000
   3400.4246   433.2182     0.9974     0.0321     0.0228     1.0000
   3400.4529   435.7169     1.0273     0.0327     0.0253     1.0000
   3400.4812   438.2155     1.0600     0.0338     0.0266     1.0000
   3400.5095   440.7141     1.0208     0.0344     0.0244     1.0000
   3400.5378   443.2127     1.0081     0.0325     0.0234     1.0000
   3400.5662   445.7202     0.9756     0.0314     0.0242     1.0000
   3400.5947   448.2365     1.0074     0.0319     0.0253     1.0000
   3400.6231   450.7439     1.0129     0.0324     0.0236     1.0000
   3400.6514   453.2426     1.0299     0.0325     0.0231     1.0000
   3400.6797   455.7412     1.0285     0.0326     0.0254     1.0000
   3400.7080   458.2398     1.0315     0.0332     0.0260     1.0000
   3400.7363   460.7384     0.9943     0.0321     0.0235     1.0000
   3400.7649   463.2635     1.0001     0.0321     0.0230     1.0000
   3400.7932   465.7622     0.9859     0.0318     0.0247     1.0000
   3400.8215   468.2608     1.0091     0.0321     0.0256     1.0000
   3400.8499   470.7683     1.0025     0.0320     0.0236     1.0000
   3400.8782   473.2669     1.0229     0.0326     0.0235     1.0000
   3400.9065   475.7655     1.0101     0.0323     0.0252     1.0000
   3400.9351   478.2906     0.9682     0.0315     0.0251     1.0000
   3400.9634   480.7892     0.9321     0.0307     0.0228     1.0000
   3400.9917   483.2879     0.9707     0.0316     0.0227     1.0000
   3401.0200   485.7865     1.0236     0.0325     0.0252     1.0000
   3401.0483   488.2851     1.0151     0.0325     0.0262     1.0000
   3401.0767   490.7926     0.9814     0.0319     0.0240     1.0000
   3401.1052   493.3089     1.0179     0.0325     0.0236     1.0000
   3401.1335   495.8075     1.0065     0.0322     0.0251     1.0000
   3401.1619   498.3149     0.9552     0.0312     0.0254     1.0000
   3401.1902   500.8136     0.9323     0.0308     0.0233     1.0000
   3401.2185   503.3122     1.0063     0.0327     0.0235     1.0000
   3401.2468   505.8108     1.0072     0.0328     0.0255     1.0000
   3401.2754   508.3359     1.0116     0.0328     0.0269     1.0000
   3401.3037   510.8345     1.0242     0.0325     0.0251     1.0000
   3401.3320   513.3332     1.0059     0.0323     0.0234     1.0000
   3401.3603   515.8318     1.0164     0.0321     0.0250     1.0000
   3401.3887   518.3393     0.9719     0.0318     0.0261     1.0000
   3401.4172   520.8555     0.9929     0.0318     0.0248     1.0000
   3401.4456   523.3630     1.0015     0.0323     0.0234     1.0000
   3401.4739   525.8616     0.9852     0.0319     0.0243     1.0000
   3401.5022   528.3602     0.9612     0.0318     0.0261     1.0000
   3401.5305   530.8589     0.9826     0.0320     0.0253     1.0000
   3401.5588   533.3575     0.9725     0.0319     0.0232     1.0000
   3401.5874   535.8826     1.0008     0.0336     0.0247     1.0000
   3401.6157   538.3812     0.9782     0.0318     0.0260     1.0000
   3401.6440   540.8799     0.9687     0.0319     0.0254     1.0000
   3401.6724   543.3873     0.9456     0.0312     0.0228     1.0000
   3401.7007   545.8859     0.9522     0.0314     0.0228     1.0000
   3401.7292   548.4022     1.0088     0.0325     0.0261     1.0000
   3401.7576   550.9097     1.0233     0.0330     0.0264     1.0000
   3401.7859   553.4083     0.9745     0.0331     0.0238     1.0000
   3401.8142   555.9069     0.9558     0.0317     0.0226     1.0000
   3401.8425   558.4055     0.9880     0.0324     0.0255     1.0000
   3401.8711   560.9307     1.0352     0.0340     0.0272     1.0000
   3401.8994   563.4293     0.9996     0.0328     0.0239     1.0000
   3401.9277   565.9279     0.9725     0.0323     0.0225     1.0000
   3401.9560   568.4265     0.9719     0.0321     0.0246     1.0000
   3401.9844   570.9340     0.9852     0.0328     0.0262     1.0000
   3402.0129   573.4503     0.9927     0.0335     0.0250     1.0000
   3402.0413   575.9577     0.9664     0.0327     0.0224     1.0000
   3402.0696   578.4563     1.0070     0.0333     0.0256     1.0000
   3402.0979   580.9550     0.9733     0.0319     0.0258     1.0000
   3402.1262   583.4536     0.9835     0.0326     0.0245     1.0000
   3402.1548   585.9787     0.9717     0.0328     0.0226     1.0000
   3402.1831   588.4773     0.9608     0.0322     0.0243     1.0000
   3402.2114   590.9760     0.9837     0.0329     0.0269     1.0000
   3402.2398   593.4834     0.9684     0.0320     0.0247     1.0000
   3402.2681   595.9820     0.9946     0.0331     0.0230     1.0000
   3402.2966   598.4983     0.9828     0.0328     0.0238     1.0000
   3402.3250   601.0058     0.9815     0.0326     0.0263     1.0000
   3402.3533   603.5044     1.0159     0.0338     0.0270     1.0000
