   3110.8025  -593.7509     1.1211     0.1252     0.0980     1.0000
   3110.8284  -591.2598     0.9692     0.1171     0.0929     1.0000
   3110.8545  -588.7495     0.9032     0.1152     0.0884     1.0000
   3110.8804  -586.2584     1.1081     0.1287     0.0982     1.0000
   3110.9062  -583.7770     1.0812     0.1210     0.0869     1.0000
   3110.9321  -581.2859     1.0739     0.1224     0.0971     1.0000
   3110.9583  -578.7660     1.0364     0.1236     0.0960     1.0000
   3110.9841  -576.2845     0.8710     0.1167     0.0879     1.0000
   3111.0100  -573.7934     0.8493     0.1165     0.0853     1.0000
   3111.0359  -571.3024     0.9199     0.1179     0.0889     1.0000
   3111.0620  -568.7920     0.7185     0.1106     0.0853     1.0000
   3111.0879  -566.3010     0.9350     0.1210     0.0938     1.0000
   3111.1138  -563.8099     0.9291     0.1209     0.0910     1.0000
   3111.1397  -561.3188     0.7893     0.1124     0.0794     1.0000
   3111.1658  -558.8085     1.0445     0.1203     0.0959     1.0000
   3111.1917  -556.3174     1.1365     0.1255     0.0995     1.0000
   3111.2175  -553.8360     1.2558     0.1307     0.1005     1.0000
   3111.2434  -551.3449     0.9726     0.1177     0.0878     1.0000
   3111.2695  -548.8346     0.8808     0.1115     0.0807     1.0000
   3111.2954  -546.3435     0.8977     0.1164     0.0918     1.0000
   3111.3213  -543.8524     0.8843     0.1125     0.0844     1.0000
   3111.3474  -541.3421     1.1991     0.1269     0.1008     1.0000
   3111.3733  -538.8510     1.0625     0.1220     0.0933     1.0000
   3111.3992  -536.3600     0.8700     0.1105     0.0798     1.0000
   3111.4250  -533.8785     1.1174     0.1194     0.0942     1.0000
   3111.4512  -531.3586     0.9847     0.1174     0.0892     1.0000
   3111.4770  -528.8771     0.8870     0.1153     0.0875     1.0000
   3111.5029  -526.3860     1.0467     0.1246     0.0928     1.0000
   3111.5291  -523.8661     1.0258     0.1204     0.0911     1.0000
   3111.5549  -521.3846     1.2144     0.1263     0.1022     1.0000
   3111.5808  -518.8936     1.1229     0.1241     0.0934     1.0000
   3111.6067  -516.4025     1.1858     0.1440     0.1032     1.0000
   3111.6328  -513.8922     1.0948     0.1235     0.0912     1.0000
   3111.6587  -511.4011     1.0612     0.1251     0.0965     1.0000
   3111.6846  -508.9100     0.9621     0.1206     0.0932     1.0000
   3111.7105  -506.4190     0.9179     0.1163     0.0891     1.0000
   3111.7366  -503.9086     1.0591     0.1246     0.0978     1.0000
   3111.7625  -501.4176     1.1700     0.1311     0.0955     1.0000
   3111.7883  -498.9361     1.2969     0.1342     0.1035     1.0000
   3111.8144  -496.4258     1.2103     0.1247     0.0983     1.0000
   3111.8403  -493.9347     0.9437     0.1137     0.0859     1.0000
   3111.8662  -491.4436     1.0975     0.1236     0.0970     1.0000
   3111.8923  -488.9333     0.9803     0.1162     0.0851     1.0000
   3111.9182  -486.4423     0.9312     0.1136     0.0873     1.0000
   3111.9441  -483.9512     0.9045     0.1122     0.0847     1.0000
   3111.9700  -481.4601     0.8743     0.1123     0.0881     1.0000
   3111.9961  -478.9498     1.0730     0.1227     0.0959     1.0000
   3112.0220  -476.4587     0.9510     0.1193     0.0892     1.0000
   3112.0478  -473.9773     0.7990     0.1091     0.0838     1.0000
   3112.0740  -471.4573     0.8924     0.1125     0.0859     1.0000
   3112.0999  -468.9662     0.8503     0.1084     0.0814     1.0000
   3112.1257  -466.4848     0.9221     0.1122     0.0853     1.0000
   3112.1516  -463.9937     0.7807     0.1085     0.0823     1.0000
   3112.1777  -461.4834     0.8660     0.1116     0.0878     1.0000
   3112.2036  -458.9923     0.9682     0.1163     0.0863     1.0000
   3112.2295  -456.5012     0.9900     0.1198     0.0948     1.0000
   3112.2556  -453.9909     0.9016     0.1146     0.0871     1.0000
   3112.2815  -451.4999     0.9987     0.1167     0.0887     1.0000
   3112.3074  -449.0088     1.0625     0.1184     0.0952     1.0000
   3112.3335  -446.4985     0.8745     0.1117     0.0833     1.0000
   3112.3594  -444.0074     0.7889     0.1059     0.0791     1.0000
   3112.3852  -441.5259     0.7432     0.1074     0.0785     1.0000
   3112.4114  -439.0060     1.0800     0.1204     0.0958     1.0000
   3112.4373  -436.5149     0.8771     0.1132     0.0877     1.0000
   3112.4631  -434.0335     0.9928     0.1203     0.0915     1.0000
   3112.4890  -431.5424     0.9018     0.1165     0.0877     1.0000
   3112.5151  -429.0321     0.9676     0.1199     0.0911     1.0000
   3112.5410  -426.5410     0.9842     0.1189     0.0917     1.0000
   3112.5669  -424.0499     1.0042     0.1191     0.0935     1.0000
   3112.5930  -421.5396     1.0338     0.1206     0.0894     1.0000
   3112.6189  -419.0485     1.1200     0.1246     0.0955     1.0000
   3112.6448  -416.5575     1.0680     0.1216     0.0923     1.0000
   3112.6709  -414.0471     0.9021     0.1138     0.0881     1.0000
   3112.6968  -411.5561     0.8139     0.1112     0.0868     1.0000
   3112.7227  -409.0650     0.8721     0.1127     0.0841     1.0000
   3112.7488  -406.5547     0.8533     0.1093     0.0835     1.0000
   3112.7747  -404.0636     1.1651     0.1228     0.0945     1.0000
   3112.8005  -401.5821     1.0838     0.1202     0.0930     1.0000
   3112.8267  -399.0622     1.0763     0.1210     0.0981     1.0000
   3112.8525  -396.5808     0.8701     0.1093     0.0783     1.0000
   3112.8784  -394.0897     0.9883     0.1151     0.0883     1.0000
   3112.9045  -391.5794     1.0322     0.1189     0.0917     1.0000
   3112.9304  -389.0883     0.9757     0.1143     0.0878     1.0000
   3112.9563  -386.5972     0.9793     0.1156     0.0923     1.0000
   3112.9824  -384.0869     0.9983     0.1153     0.0849     1.0000
   3113.0083  -381.5958     1.1103     0.1237     0.0935     1.0000
   3113.0342  -379.1048     1.0394     0.1418     0.1028     1.0000
   3113.0603  -376.5944     0.9921     0.1321     0.1029     1.0000
   3113.0862  -374.1034     0.9546     0.1175     0.0933     1.0000
   3113.1121  -371.6123     0.9315     0.1120     0.0834     1.0000
   3113.1382  -369.1020     0.9124     0.1102     0.0818     1.0000
   3113.1641  -366.6109     1.1672     0.1242     0.0959     1.0000
   3113.1899  -364.1294     1.1907     0.1606     0.1012     1.0000
   3113.2161  -361.6095     1.0578     0.1334     0.1059     1.0000
   3113.2419  -359.1281     1.1100     0.1251     0.0935     1.0000
   3113.2678  -356.6370     0.9850     0.1174     0.0908     1.0000
   3113.2940  -354.1170     0.8693     0.1104     0.0864     1.0000
   3113.3198  -351.6356     1.0059     0.1321     0.1035     1.0000
   3113.3457  -349.1445     0.7092     0.1014     0.0799     1.0000
   3113.3718  -346.6342     0.7964     0.1048     0.0779     1.0000
   3113.3977  -344.1431     0.9224     0.1148     0.0872     1.0000
   3113.4236  -341.6520     0.9177     0.1128     0.0865     1.0000
   3113.4497  -339.1417     0.9166     0.1100     0.0835     1.0000
   3113.4756  -336.6507     1.0064     0.1170     0.0916     1.0000
   3113.5015  -334.1596     0.8868     0.1122     0.0858     1.0000
   3113.5276  -331.6493     0.7786     0.1044     0.0761     1.0000
   3113.5535  -329.1582     0.9474     0.1125     0.0873     1.0000
   3113.5793  -326.6767     1.0453     0.1220     0.0941     1.0000
   3113.6055  -324.1568     1.0853     0.1209     0.0963     1.0000
   3113.6314  -321.6657     0.8526     0.1118     0.0860     1.0000
   3113.6572  -319.1843     1.3498     0.1498     0.1115     1.0000
   3113.6833  -316.6740     1.1574     0.1246     0.0966     1.0000
   3113.7092  -314.1829     1.1624     0.1235     0.0967     1.0000
   3113.7351  -311.6918     1.0301     0.1194     0.0938     1.0000
   3113.7612  -309.1815     0.8666     0.1123     0.0868     1.0000
   3113.7871  -306.6904     0.7857     0.1096     0.0795     1.0000
   3113.8132  -304.1801     0.9436     0.1155     0.0889     1.0000
   3113.8391  -301.6890     0.9730     0.1151     0.0852     1.0000
   3113.8650  -299.1979     1.0772     0.1223     0.0968     1.0000
   3113.8911  -296.6876     1.2026     0.1344     0.1052     1.0000
   3113.9170  -294.1966     0.9330     0.1255     0.0932     1.0000
   3113.9429  -291.7055     0.6090     0.1055     0.0770     1.0000
   3113.9690  -289.1952     0.8759     0.1144     0.0906     1.0000
   3113.9949  -286.7041     0.7106     0.1071     0.0819     1.0000
   3114.0208  -284.2130     0.9339     0.1139     0.0921     1.0000
   3114.0469  -281.7027     1.0288     0.1208     0.0928     1.0000
   3114.0727  -279.2212     1.0397     0.1210     0.0893     1.0000
   3114.0989  -276.7013     1.1641     0.1420     0.1034     1.0000
   3114.1248  -274.2102     1.3575     0.1762     0.1289     1.0000
   3114.1506  -271.7288     0.9649     0.1164     0.0932     1.0000
   3114.1768  -269.2089     1.0372     0.1213     0.0952     1.0000
   3114.2026  -266.7274     0.9103     0.1144     0.0824     1.0000
   3114.2285  -264.2363     1.0600     0.1212     0.0919     1.0000
   3114.2546  -261.7260     1.3105     0.1526     0.1168     1.0000
   3114.2805  -259.2349     0.8945     0.1153     0.0902     1.0000
   3114.3066  -256.7246     0.8739     0.1101     0.0859     1.0000
   3114.3325  -254.2335     0.9195     0.1160     0.0860     1.0000
   3114.3584  -251.7425     0.8418     0.1107     0.0828     1.0000
   3114.3845  -249.2322     0.7463     0.1055     0.0835     1.0000
   3114.4104  -246.7411     1.0731     0.1386     0.1081     1.0000
   3114.4363  -244.2500     1.0330     0.1345     0.1110     1.0000
   3114.4624  -241.7397     0.9480     0.1148     0.0886     1.0000
   3114.4883  -239.2486     1.1391     0.1279     0.0946     1.0000
   3114.5144  -236.7383     1.2533     0.1539     0.1085     1.0000
   3114.5403  -234.2472     1.2512     0.1337     0.1068     1.0000
   3114.5662  -231.7561     1.1690     0.1565     0.1257     1.0000
   3114.5923  -229.2458     0.9953     0.1198     0.0956     1.0000
   3114.6182  -226.7548     1.0089     0.1216     0.0884     1.0000
   3114.6440  -224.2733     1.1883     0.1316     0.0971     1.0000
   3114.6702  -221.7534     1.1395     0.1264     0.0969     1.0000
   3114.6960  -219.2719     0.9353     0.1189     0.0933     1.0000
   3114.7222  -216.7520     0.8365     0.1123     0.0919     1.0000
   3114.7481  -214.2609     0.8306     0.1090     0.0841     1.0000
   3114.7739  -211.7794     0.8089     0.1109     0.0787     1.0000
   3114.8000  -209.2691     0.9633     0.1187     0.0912     1.0000
   3114.8259  -206.7781     1.0228     0.1206     0.0942     1.0000
   3114.8520  -204.2677     1.0366     0.1178     0.0939     1.0000
   3114.8779  -201.7767     0.9067     0.1160     0.0944     1.0000
   3114.9038  -199.2856     0.9328     0.1205     0.0904     1.0000
   3114.9299  -196.7753     0.7884     0.1137     0.0804     1.0000
   3114.9558  -194.2842     0.9321     0.1190     0.0914     1.0000
   3114.9819  -191.7739     1.0493     0.1247     0.0993     1.0000
   3115.0078  -189.2828     0.8553     0.1176     0.0942     1.0000
   3115.0337  -186.7917     1.0679     0.1230     0.0983     1.0000
   3115.0598  -184.2814     0.9433     0.1148     0.0810     1.0000
   3115.0857  -181.7903     1.1221     0.1239     0.0925     1.0000
   3115.1118  -179.2800     1.0102     0.1218     0.0954     1.0000
   3115.1377  -176.7890     0.9124     0.1142     0.0897     1.0000
   3115.1636  -174.2979     1.1148     0.1241     0.1016     1.0000
   3115.1897  -171.7876     1.0097     0.1204     0.0922     1.0000
   3115.2156  -169.2965     1.0224     0.1226     0.0858     1.0000
   3115.2417  -166.7862     1.1699     0.1320     0.1023     1.0000
   3115.2676  -164.2951     1.0294     0.1362     0.1040     1.0000
   3115.2935  -161.8040     0.9297     0.1201     0.0985     1.0000
   3115.3196  -159.2937     1.0017     0.1229     0.1004     1.0000
   3115.3455  -156.8026     1.0328     0.1249     0.0908     1.0000
   3115.3716  -154.2923     0.9958     0.1240     0.0908     1.0000
   3115.3975  -151.8013     0.8689     0.1147     0.0884     1.0000
   3115.4233  -149.3198     1.2385     0.1511     0.1228     1.0000
   3115.4495  -146.7999     1.0958     0.1285     0.1053     1.0000
   3115.4753  -144.3184     0.9827     0.1222     0.0990     1.0000
   3115.5015  -141.7985     0.8868     0.1177     0.0846     1.0000
   3115.5273  -139.3170     1.0031     0.1204     0.0869     1.0000
   3115.5535  -136.7971     1.1444     0.1425     0.1064     1.0000
   3115.5793  -134.3156     1.0640     0.1281     0.1026     1.0000
   3115.6052  -131.8245     1.2058     0.1311     0.1085     1.0000
   3115.6314  -129.3046     0.8974     0.1182     0.0867     1.0000
   3115.6572  -126.8232     1.3010     0.1354     0.0978     1.0000
   3115.6833  -124.3128     1.1115     0.1289     0.0981     1.0000
   3115.7092  -121.8218     0.7542     0.1130     0.0884     1.0000
   3115.7351  -119.3307     0.8497     0.1201     0.0962     1.0000
   3115.7612  -116.8204     0.9891     0.1232     0.1014     1.0000
   3115.7871  -114.3293     0.9315     0.1192     0.0895     1.0000
   3115.8132  -111.8190     0.9755     0.1195     0.0859     1.0000
   3115.8391  -109.3279     0.8129     0.1146     0.0842     1.0000
   3115.8652  -106.8176     1.0779     0.1321     0.1067     1.0000
   3115.8911  -104.3265     1.0847     0.1293     0.1049     1.0000
   3115.9170  -101.8355     1.1240     0.1260     0.1030     1.0000
   3115.9431   -99.3251     1.0073     0.1225     0.0915     1.0000
   3115.9690   -96.8341     0.8887     0.1168     0.0818     1.0000
   3115.9951   -94.3238     0.9081     0.1187     0.0914     1.0000
   3116.0210   -91.8327     0.9449     0.1188     0.0979     1.0000
   3116.0471   -89.3224     0.7200     0.1086     0.0876     1.0000
   3116.0730   -86.8313     0.7109     0.1114     0.0902     1.0000
   3116.0991   -84.3210     0.7685     0.1126     0.0816     1.0000
   3116.1250   -81.8299     0.9126     0.1182     0.0848     1.0000
   3116.1509   -79.3388     1.1505     0.1468     0.1063     1.0000
   3116.1770   -76.8285     0.8978     0.1272     0.1049     1.0000
   3116.2029   -74.3374     1.1117     0.1472     0.1205     1.0000
   3116.2290   -71.8271     0.9123     0.1263     0.0989     1.0000
   3116.2549   -69.3360     0.5803     0.0994     0.0729     1.0000
   3116.2810   -66.8257     0.5302     0.1021     0.0721     1.0000
   3116.3069   -64.3347     0.5223     0.0980     0.0765     1.0000
   3116.3328   -61.8436     0.4742     0.0933     0.0764     1.0000
   3116.3589   -59.3333     0.5918     0.0995     0.0829     1.0000
   3116.3848   -56.8422     0.3125     0.0850     0.0665     1.0000
   3116.4109   -54.3319     0.2637     0.0800     0.0586     1.0000
   3116.4368   -51.8408     0.2354     0.0805     0.0568     1.0000
   3116.4629   -49.3305     0.1052     0.0767     0.0569     1.0000
   3116.4888   -46.8394    -0.0992     0.0699     0.0561     1.0000
   3116.5149   -44.3291     0.0166     0.0686     0.0566     1.0000
   3116.5408   -41.8380     0.0553     0.0703     0.0585     1.0000
   3116.5667   -39.3469    -0.0008     0.0652     0.0474     1.0000
   3116.5928   -36.8366     0.0684     0.0677     0.0476     1.0000
   3116.6186   -34.3552     0.1077     0.0719     0.0535     1.0000
   3116.6448   -31.8352     0.1278     0.0798     0.0610     1.0000
   3116.6707   -29.3442     0.3433     0.0878     0.0727     1.0000
   3116.6968   -26.8339     0.2143     0.0792     0.0671     1.0000
   3116.7227   -24.3428     0.2157     0.0797     0.0619     1.0000
   3116.7488   -21.8325     0.3160     0.0825     0.0579     1.0000
   3116.7747   -19.3414     0.2521     0.0770     0.0553     1.0000
   3116.8008   -16.8311     0.0457     0.0686     0.0550     1.0000
   3116.8267   -14.3400     0.0481     0.0701     0.0578     1.0000
   3116.8528   -11.8297     0.1869     0.0781     0.0653     1.0000
   3116.8787    -9.3386     0.3744     0.0865     0.0699     1.0000
   3116.9045    -6.8572     0.2083     0.0782     0.0538     1.0000
   3116.9307    -4.3372     0.1446     0.0760     0.0535     1.0000
   3116.9565    -1.8558     0.2449     0.0767     0.0601     1.0000
   3116.9827     0.6642     0.1814     0.0744     0.0618     1.0000
   3117.0085     3.1456     0.0054     0.0736     0.0615     1.0000
   3117.0347     5.6656     0.1002     0.0833     0.0683     1.0000
   3117.0606     8.1566    -0.0087     0.0782     0.0565     1.0000
   3117.0867    10.6669     0.0721     0.0750     0.0515     1.0000
   3117.1125    13.1484     0.0665     0.0712     0.0530     1.0000
   3117.1387    15.6683    -0.1030     0.0680     0.0543     1.0000
   3117.1645    18.1498     0.0803     0.0732     0.0624     1.0000
   3117.1907    20.6697     0.1271     0.0704     0.0587     1.0000
   3117.2166    23.1608     0.0716     0.0715     0.0534     1.0000
   3117.2427    25.6711     0.0614     0.0703     0.0485     1.0000
   3117.2685    28.1526     0.0269     0.0709     0.0514     1.0000
   3117.2944    30.6436     0.0354     0.0723     0.0555     1.0000
   3117.3206    33.1636     0.1612     0.0752     0.0633     1.0000
   3117.3464    35.6450    -0.0882     0.0655     0.0557     1.0000
   3117.3726    38.1650     0.1269     0.0696     0.0550     1.0000
   3117.3984    40.6464     0.1172     0.0685     0.0480     1.0000
   3117.4246    43.1663     0.0668     0.0679     0.0478     1.0000
   3117.4504    45.6478     0.1367     0.0787     0.0591     1.0000
   3117.4766    48.1677     0.3518     0.0885     0.0727     1.0000
   3117.5024    50.6492     0.3037     0.0809     0.0696     1.0000
   3117.5286    53.1691     0.4730     0.0962     0.0815     1.0000
   3117.5544    55.6506     0.3624     0.0904     0.0666     1.0000
   3117.5806    58.1705     0.2262     0.0807     0.0555     1.0000
   3117.6065    60.6616     0.1633     0.0776     0.0560     1.0000
   3117.6326    63.1719     0.3907     0.1029     0.0865     1.0000
   3117.6584    65.6534     0.2010     0.0758     0.0631     1.0000
   3117.6846    68.1733     0.2131     0.0791     0.0661     1.0000
   3117.7105    70.6644     0.4831     0.0906     0.0708     1.0000
   3117.7366    73.1747     0.5928     0.0996     0.0715     1.0000
   3117.7625    75.6658     0.5270     0.1023     0.0686     1.0000
   3117.7886    78.1761     0.8814     0.1217     0.0942     1.0000
   3117.8144    80.6575     1.1012     0.1326     0.1096     1.0000
   3117.8406    83.1775     1.0417     0.1253     0.1069     1.0000
   3117.8665    85.6685     0.8773     0.1188     0.0994     1.0000
   3117.8926    88.1788     0.9797     0.1195     0.0895     1.0000
   3117.9185    90.6699     1.0727     0.1272     0.0870     1.0000
   3117.9446    93.1802     1.1646     0.1303     0.0945     1.0000
   3117.9705    95.6713     1.0400     0.1231     0.0984     1.0000
   3117.9966    98.1816     1.0265     0.1232     0.1039     1.0000
   3118.0225   100.6727     0.8159     0.1160     0.1000     1.0000
   3118.0486   103.1830     1.0268     0.1291     0.1067     1.0000
   3118.0745   105.6741     1.2885     0.1388     0.1022     1.0000
   3118.1006   108.1844     1.0403     0.1237     0.0829     1.0000
   3118.1265   110.6755     0.9338     0.1210     0.0867     1.0000
   3118.1526   113.1858     1.0743     0.1329     0.1087     1.0000
   3118.1785   115.6769     0.7824     0.1179     0.0987     1.0000
   3118.2046   118.1872     0.8874     0.1202     0.1042     1.0000
   3118.2305   120.6783     0.9227     0.1182     0.0929     1.0000
   3118.2566   123.1886     0.9957     0.1265     0.0894     1.0000
   3118.2825   125.6796     0.9002     0.1233     0.0861     1.0000
   3118.3086   128.1900     0.7197     0.1143     0.0844     1.0000
   3118.3345   130.6810     0.8586     0.1177     0.0961     1.0000
   3118.3606   133.1913     1.0309     0.1238     0.1068     1.0000
   3118.3865   135.6824     0.8142     0.1142     0.0954     1.0000
   3118.4126   138.1927     0.9134     0.1228     0.0958     1.0000
   3118.4385   140.6838     0.9061     0.1226     0.0847     1.0000
   3118.4646   143.1941     0.8603     0.1189     0.0832     1.0000
   3118.4905   145.6852     0.6779     0.1144     0.0839     1.0000
   3118.5166   148.1955     1.1463     0.1323     0.1116     1.0000
   3118.5425   150.6866     0.8952     0.1201     0.1033     1.0000
   3118.5686   153.1969     0.7530     0.1108     0.0930     1.0000
   3118.5945   155.6880     1.0168     0.1253     0.0986     1.0000
   3118.6206   158.1983     0.9649     0.1239     0.0844     1.0000
   3118.6465   160.6894     0.9155     0.1246     0.0883     1.0000
   3118.6726   163.1997     0.7867     0.1169     0.0854     1.0000
   3118.6987   165.7100     1.0162     0.1287     0.1085     1.0000
   3118.7246   168.2011     0.8731     0.1188     0.1024     1.0000
   3118.7507   170.7114     0.9968     0.1246     0.1073     1.0000
   3118.7766   173.2025     1.2122     0.1576     0.1264     1.0000
   3118.8027   175.7128     0.7870     0.1195     0.0813     1.0000
   3118.8286   178.2038     0.8070     0.1199     0.0830     1.0000
   3118.8547   180.7142     0.8530     0.1198     0.0881     1.0000
   3118.8806   183.2052     1.0398     0.1216     0.1026     1.0000
   3118.9067   185.7155     0.8660     0.1250     0.1103     1.0000
   3118.9326   188.2066     0.7652     0.1170     0.0988     1.0000
   3118.9587   190.7169     0.8303     0.1187     0.0929     1.0000
   3118.9846   193.2080     0.9108     0.1187     0.0852     1.0000
   3119.0107   195.7183     0.8774     0.1171     0.0786     1.0000
   3119.0366   198.2094     1.0035     0.1271     0.0903     1.0000
   3119.0627   200.7197     1.2564     0.1429     0.1182     1.0000
   3119.0889   203.2396     1.0768     0.1286     0.1113     1.0000
   3119.1148   205.7307     1.0223     0.1186     0.1007     1.0000
   3119.1409   208.2410     0.9367     0.1270     0.1034     1.0000
   3119.1667   210.7225     1.2051     0.1365     0.1003     1.0000
   3119.1929   213.2424     1.0305     0.1246     0.0840     1.0000
   3119.2188   215.7335     0.8348     0.1094     0.0776     1.0000
   3119.2449   218.2438     0.8175     0.1207     0.0924     1.0000
   3119.2708   220.7349     0.9949     0.1240     0.1048     1.0000
   3119.2969   223.2452     0.9467     0.1282     0.1112     1.0000
   3119.3227   225.7267     0.8773     0.1145     0.0963     1.0000
   3119.3489   228.2466     1.0934     0.1264     0.0951     1.0000
   3119.3748   230.7377     1.0578     0.1254     0.0862     1.0000
   3119.4009   233.2480     1.0991     0.1274     0.0892     1.0000
   3119.4270   235.7583     1.1548     0.1327     0.1003     1.0000
   3119.4529   238.2494     1.1710     0.1408     0.1095     1.0000
   3119.4790   240.7597     1.5732     0.1926     0.1697     1.0000
   3119.5049   243.2508     1.1265     0.1321     0.1139     1.0000
   3119.5310   245.7611     0.9212     0.1297     0.0998     1.0000
   3119.5569   248.2521     0.8738     0.1250     0.0910     1.0000
   3119.5830   250.7625     0.8393     0.1201     0.0820     1.0000
   3119.6089   253.2535     1.0149     0.1255     0.0866     1.0000
   3119.6350   255.7638     1.0527     0.1284     0.1007     1.0000
   3119.6611   258.2742     0.7413     0.1227     0.1057     1.0000
   3119.6870   260.7652     0.6661     0.1160     0.1011     1.0000
   3119.7131   263.2755     0.8687     0.1207     0.0999     1.0000
   3119.7390   265.7666     0.9215     0.1193     0.0901     1.0000
   3119.7651   268.2769     0.8252     0.1153     0.0802     1.0000
   3119.7910   270.7680     1.0341     0.1253     0.0839     1.0000
   3119.8171   273.2783     1.1499     0.1314     0.0974     1.0000
   3119.8430   275.7694     1.1372     0.1302     0.1098     1.0000
   3119.8691   278.2797     0.8940     0.1152     0.0981     1.0000
   3119.8953   280.7996     0.8565     0.1168     0.1029     1.0000
   3119.9211   283.2811     1.0863     0.1236     0.1032     1.0000
   3119.9473   285.8010     0.9276     0.1209     0.0856     1.0000
   3119.9731   288.2825     0.9769     0.1239     0.0847     1.0000
   3119.9993   290.8024     0.8571     0.1162     0.0833     1.0000
   3120.0251   293.2839     0.8016     0.1200     0.0895     1.0000
   3120.0513   295.8038     0.7868     0.1175     0.0945     1.0000
   3120.0774   298.3141     0.9494     0.1226     0.1102     1.0000
   3120.1033   300.8052     1.2800     0.1491     0.1268     1.0000
   3120.1294   303.3155     1.1602     0.1288     0.1000     1.0000
   3120.1553   305.8066     0.9971     0.1194     0.0856     1.0000
   3120.1814   308.3169     1.0607     0.1262     0.0899     1.0000
   3120.2073   310.8080     0.9251     0.1186     0.0803     1.0000
   3120.2334   313.3183     0.8580     0.1156     0.0810     1.0000
   3120.2595   315.8286     1.0007     0.1281     0.1072     1.0000
   3120.2854   318.3197     1.0324     0.1282     0.1134     1.0000
   3120.3115   320.8300     0.9278     0.1224     0.1012     1.0000
   3120.3374   323.3211     1.0161     0.1283     0.1028     1.0000
   3120.3635   325.8314     0.7187     0.1091     0.0790     1.0000
   3120.3897   328.3513     0.6172     0.1014     0.0669     1.0000
   3120.4155   330.8328     0.7508     0.1091     0.0749     1.0000
   3120.4417   333.3527     0.9912     0.1186     0.0907     1.0000
   3120.4675   335.8342     0.8277     0.1118     0.0873     1.0000
   3120.4936   338.3445     0.9030     0.1155     0.0991     1.0000
   3120.5195   340.8355     1.0389     0.1183     0.1043     1.0000
   3120.5457   343.3555     0.9885     0.1136     0.0910     1.0000
   3120.5718   345.8658     1.0970     0.1199     0.0848     1.0000
   3120.5977   348.3569     1.1793     0.1236     0.0872     1.0000
   3120.6238   350.8672     0.9204     0.1235     0.0883     1.0000
   3120.6497   353.3583     0.9215     0.1159     0.0804     1.0000
   3120.6758   355.8686     0.9742     0.1163     0.0895     1.0000
   3120.7019   358.3789     1.0174     0.1201     0.1058     1.0000
   3120.7278   360.8700     0.9363     0.1115     0.0957     1.0000
   3120.7539   363.3803     1.1133     0.1341     0.1095     1.0000
   3120.7798   365.8713     0.9846     0.1190     0.0924     1.0000
   3120.8059   368.3817     1.1042     0.1278     0.0927     1.0000
   3120.8320   370.8920     1.0814     0.1240     0.0809     1.0000
   3120.8579   373.3830     1.1998     0.1278     0.0908     1.0000
   3120.8840   375.8934     1.0964     0.1230     0.0973     1.0000
   3120.9099   378.3844     0.9662     0.1298     0.1046     1.0000
   3120.9360   380.8947     0.8421     0.1124     0.0953     1.0000
   3120.9622   383.4147     0.9704     0.1216     0.1078     1.0000
   3120.9880   385.8961     0.6839     0.1051     0.0839     1.0000
   3121.0142   388.4161     0.7432     0.1083     0.0756     1.0000
   3121.0400   390.8975     0.8240     0.1106     0.0778     1.0000
   3121.0662   393.4175     0.7854     0.1091     0.0797     1.0000
   3121.0923   395.9278     0.7991     0.1089     0.0740     1.0000
   3121.1182   398.4188     1.0877     0.1191     0.0921     1.0000
   3121.1443   400.9292     1.0769     0.1233     0.1063     1.0000
   3121.1702   403.4202     1.0009     0.1200     0.1064     1.0000
   3121.1963   405.9305     0.9679     0.1237     0.0951     1.0000
   3121.2224   408.4409     0.8095     0.1059     0.0838     1.0000
   3121.2483   410.9319     0.8492     0.1089     0.0810     1.0000
   3121.2744   413.4422     1.0335     0.1151     0.0763     1.0000
   3121.3003   415.9333     1.0576     0.1160     0.0803     1.0000
   3121.3264   418.4436     0.8997     0.1128     0.0848     1.0000
   3121.3525   420.9539     1.0332     0.1204     0.0956     1.0000
   3121.3784   423.4450     1.0555     0.1233     0.1038     1.0000
   3121.4045   425.9553     1.1874     0.1415     0.1267     1.0000
   3121.4307   428.4753     0.9102     0.1251     0.1044     1.0000
   3121.4565   430.9567     0.9730     0.1152     0.0848     1.0000
   3121.4827   433.4767     0.9867     0.1146     0.0813     1.0000
   3121.5085   435.9581     1.0404     0.1183     0.0852     1.0000
   3121.5347   438.4780     1.0442     0.1195     0.0827     1.0000
   3121.5608   440.9884     0.9262     0.1159     0.0809     1.0000
   3121.5867   443.4794     1.0163     0.1222     0.1009     1.0000
   3121.6128   445.9897     1.0483     0.1213     0.1068     1.0000
   3121.6389   448.5001     0.7783     0.1068     0.0891     1.0000
   3121.6648   450.9911     1.0044     0.1192     0.1016     1.0000
   3121.6909   453.5014     0.7168     0.1054     0.0830     1.0000
   3121.7168   455.9925     0.7868     0.1073     0.0749     1.0000
   3121.7429   458.5028     0.9355     0.1126     0.0751     1.0000
   3121.7690   461.0131     0.9479     0.1128     0.0826     1.0000
   3121.7949   463.5042     1.0659     0.1162     0.0856     1.0000
   3121.8210   466.0145     1.0170     0.1168     0.0852     1.0000
   3121.8472   468.5345     0.9418     0.1138     0.0972     1.0000
   3121.8731   471.0255     1.2026     0.1357     0.1243     1.0000
   3121.8992   473.5359     1.2401     0.1398     0.1106     1.0000
   3121.9250   476.0173     0.9074     0.1104     0.0843     1.0000
   3121.9512   478.5372     0.7544     0.1068     0.0824     1.0000
   3121.9773   481.0476     0.7375     0.1056     0.0749     1.0000
   3122.0032   483.5386     0.8594     0.1125     0.0729     1.0000
   3122.0293   486.0489     0.8683     0.1135     0.0833     1.0000
   3122.0554   488.5593     0.7198     0.1056     0.0813     1.0000
   3122.0813   491.0503     0.9839     0.1173     0.0921     1.0000
   3122.1074   493.5606     1.1138     0.1317     0.1070     1.0000
   3122.1335   496.0710     1.3340     0.1258     0.1150     1.0000
   3122.1594   498.5620     1.0619     0.1418     0.1196     1.0000
   3122.1856   501.0820     0.8276     0.1087     0.0781     1.0000
   3122.2114   503.5634     0.8467     0.1089     0.0798     1.0000
   3122.2375   506.0737     0.9153     0.1136     0.0841     1.0000
   3122.2637   508.5937     1.1102     0.1203     0.0811     1.0000
   3122.2895   511.0751     1.1605     0.1212     0.0825     1.0000
   3122.3157   513.5951     1.1062     0.1196     0.0949     1.0000
   3122.3418   516.1054     1.0625     0.1252     0.1035     1.0000
   3122.3677   518.5964     0.9259     0.1103     0.0899     1.0000
   3122.3938   521.1068     0.8499     0.1093     0.0934     1.0000
   3122.4199   523.6171     1.1171     0.1245     0.1067     1.0000
   3122.4458   526.1081     0.9979     0.1175     0.0848     1.0000
   3122.4719   528.6185     0.9635     0.1155     0.0782     1.0000
   3122.4981   531.1384     0.9960     0.1173     0.0875     1.0000
   3122.5239   533.6198     1.0060     0.1132     0.0813     1.0000
   3122.5500   536.1302     1.1147     0.1263     0.0857     1.0000
   3122.5762   538.6501     0.8119     0.1095     0.0813     1.0000
   3122.6020   541.1315     1.0648     0.1166     0.0985     1.0000
   3122.6282   543.6515     1.0063     0.1177     0.0996     1.0000
   3122.6543   546.1618     0.8867     0.1103     0.0915     1.0000
   3122.6802   548.6529     1.0415     0.1150     0.0990     1.0000
   3122.7063   551.1632     0.8447     0.1078     0.0846     1.0000
   3122.7324   553.6735     0.9640     0.1135     0.0774     1.0000
   3122.7583   556.1646     1.1506     0.1312     0.0931     1.0000
   3122.7844   558.6749     0.8915     0.1189     0.0886     1.0000
   3122.8106   561.1948     1.0420     0.1169     0.0807     1.0000
   3122.8364   563.6763     1.1122     0.1196     0.0855     1.0000
   3122.8625   566.1866     0.7746     0.1071     0.0861     1.0000
   3122.8887   568.7065     0.9929     0.1153     0.1010     1.0000
   3122.9145   571.1880     1.1074     0.1187     0.0995     1.0000
   3122.9407   573.7079     0.9619     0.1143     0.0929     1.0000
   3122.9668   576.2182     1.0816     0.1187     0.1002     1.0000
   3122.9927   578.7093     1.0914     0.1176     0.0872     1.0000
   3123.0188   581.2196     1.0564     0.1216     0.0808     1.0000
   3123.0449   583.7299     0.9046     0.1112     0.0802     1.0000
   3123.0708   586.2210     1.0379     0.1175     0.0884     1.0000
   3123.0969   588.7313     0.9210     0.1106     0.0751     1.0000
   3123.1231   591.2512     1.1305     0.1245     0.0873     1.0000
   3123.1489   593.7327     1.3578     0.1425     0.1182     1.0000
   3123.1750   596.2430     1.2357     0.1343     0.1170     1.0000
   3123.2012   598.7629     0.7478     0.1032     0.0841     1.0000
   3123.2270   601.2444     1.0365     0.1224     0.1018     1.0000
   3123.2532   603.7643     0.8659     0.1093     0.0913     1.0000
