   3406.5266  -592.2387     0.8750     0.0312     0.0254     1.0000
   3406.5549  -589.7531     0.8750     0.0307     0.0250     1.0000
   3406.5835  -587.2411     0.8774     0.0309     0.0233     1.0000
   3406.6118  -584.7555     0.8988     0.0313     0.0214     1.0000
   3406.6401  -582.2698     0.9548     0.0325     0.0245     1.0000
   3406.6687  -579.7579     1.0106     0.0338     0.0280     1.0000
   3406.6970  -577.2722     0.9968     0.0335     0.0271     1.0000
   3406.7253  -574.7866     0.9903     0.0332     0.0244     1.0000
   3406.7539  -572.2746     0.9978     0.0333     0.0230     1.0000
   3406.7822  -569.7890     0.9792     0.0330     0.0253     1.0000
   3406.8108  -567.2770     1.0217     0.0337     0.0279     1.0000
   3406.8391  -564.7914     1.0390     0.0342     0.0278     1.0000
   3406.8674  -562.3058     1.0599     0.0343     0.0251     1.0000
   3406.8960  -559.7938     1.0157     0.0333     0.0231     1.0000
   3406.9243  -557.3081     0.9925     0.0328     0.0254     1.0000
   3406.9526  -554.8225     1.0145     0.0334     0.0277     1.0000
   3406.9812  -552.3105     0.9853     0.0329     0.0261     1.0000
   3407.0095  -549.8249     1.0176     0.0335     0.0242     1.0000
   3407.0378  -547.3393     1.0005     0.0331     0.0231     1.0000
   3407.0664  -544.8273     1.0209     0.0352     0.0275     1.0000
   3407.0947  -542.3417     1.0067     0.0359     0.0300     1.0000
   3407.1233  -539.8297     0.9808     0.0352     0.0270     1.0000
   3407.1516  -537.3441     0.9948     0.0332     0.0240     1.0000
   3407.1799  -534.8584     0.9990     0.0331     0.0233     1.0000
   3407.2085  -532.3464     0.9978     0.0330     0.0262     1.0000
   3407.2368  -529.8608     0.9708     0.0327     0.0268     1.0000
   3407.2651  -527.3752     0.9930     0.0332     0.0260     1.0000
   3407.2937  -524.8632     1.0135     0.0335     0.0239     1.0000
   3407.3220  -522.3776     0.9841     0.0328     0.0233     1.0000
   3407.3506  -519.8656     0.9841     0.0327     0.0260     1.0000
   3407.3789  -517.3800     1.0204     0.0336     0.0275     1.0000
   3407.4072  -514.8943     1.0330     0.0342     0.0266     1.0000
   3407.4358  -512.3823     1.0071     0.0337     0.0238     1.0000
   3407.4641  -509.8967     1.0235     0.0338     0.0240     1.0000
   3407.4927  -507.3847     1.0524     0.0342     0.0273     1.0000
   3407.5210  -504.8991     1.0368     0.0334     0.0273     1.0000
   3407.5493  -502.4135     0.9853     0.0323     0.0252     1.0000
   3407.5779  -499.9015     0.9557     0.0319     0.0229     1.0000
   3407.6062  -497.4159     0.9851     0.0322     0.0229     1.0000
   3407.6348  -494.9039     1.0036     0.0327     0.0261     1.0000
   3407.6631  -492.4183     0.9798     0.0325     0.0266     1.0000
   3407.6914  -489.9326     0.9801     0.0328     0.0254     1.0000
   3407.7200  -487.4206     0.9960     0.0330     0.0236     1.0000
   3407.7483  -484.9350     0.9980     0.0330     0.0236     1.0000
   3407.7769  -482.4230     0.9993     0.0331     0.0263     1.0000
   3407.8052  -479.9374     0.9805     0.0328     0.0268     1.0000
   3407.8335  -477.4518     0.9739     0.0327     0.0256     1.0000
   3407.8621  -474.9398     0.9877     0.0330     0.0239     1.0000
   3407.8904  -472.4542     1.0104     0.0333     0.0237     1.0000
   3407.9190  -469.9422     1.0198     0.0334     0.0266     1.0000
   3407.9473  -467.4566     1.0431     0.0336     0.0279     1.0000
   3407.9756  -464.9709     0.9901     0.0325     0.0251     1.0000
   3408.0042  -462.4589     1.0219     0.0332     0.0243     1.0000
   3408.0325  -459.9733     0.9758     0.0325     0.0230     1.0000
   3408.0610  -457.4701     0.9331     0.0315     0.0248     1.0000
   3408.0894  -454.9757     0.9707     0.0324     0.0268     1.0000
   3408.1177  -452.4901     1.0094     0.0330     0.0258     1.0000
   3408.1462  -449.9869     1.0078     0.0329     0.0240     1.0000
   3408.1746  -447.4925     0.9761     0.0323     0.0228     1.0000
   3408.2031  -444.9893     0.9902     0.0324     0.0252     1.0000
   3408.2315  -442.4949     1.0073     0.0328     0.0275     1.0000
   3408.2598  -440.0092     1.0335     0.0332     0.0262     1.0000
   3408.2883  -437.5060     0.9810     0.0320     0.0234     1.0000
   3408.3167  -435.0116     0.9506     0.0316     0.0224     1.0000
   3408.3452  -432.5084     0.9899     0.0326     0.0249     1.0000
   3408.3735  -430.0228     1.0456     0.0338     0.0282     1.0000
   3408.4021  -427.5108     0.9973     0.0330     0.0261     1.0000
   3408.4304  -425.0252     0.9964     0.0330     0.0245     1.0000
   3408.4587  -422.5395     0.9943     0.0331     0.0237     1.0000
   3408.4873  -420.0276     0.9841     0.0330     0.0246     1.0000
   3408.5156  -417.5419     0.9952     0.0331     0.0272     1.0000
   3408.5442  -415.0300     1.0192     0.0335     0.0270     1.0000
   3408.5725  -412.5443     1.0336     0.0337     0.0255     1.0000
   3408.6008  -410.0587     1.0060     0.0332     0.0243     1.0000
   3408.6294  -407.5467     0.9757     0.0327     0.0237     1.0000
   3408.6577  -405.0611     1.0148     0.0333     0.0269     1.0000
   3408.6863  -402.5491     1.0042     0.0332     0.0270     1.0000
   3408.7146  -400.0635     1.0084     0.0333     0.0253     1.0000
   3408.7432  -397.5515     0.9809     0.0329     0.0239     1.0000
   3408.7715  -395.0659     1.0377     0.0367     0.0262     1.0000
   3408.7998  -392.5802     1.0087     0.0335     0.0267     1.0000
   3408.8284  -390.0683     0.9784     0.0330     0.0272     1.0000
   3408.8567  -387.5826     0.9968     0.0337     0.0261     1.0000
   3408.8852  -385.0794     1.0071     0.0336     0.0247     1.0000
   3408.9136  -382.5850     1.0070     0.0336     0.0243     1.0000
   3408.9421  -380.0818     0.9821     0.0332     0.0255     1.0000
   3408.9705  -377.5874     0.9671     0.0327     0.0272     1.0000
   3408.9990  -375.0842     0.9799     0.0330     0.0260     1.0000
   3409.0273  -372.5986     0.9976     0.0335     0.0251     1.0000
   3409.0557  -370.1042     0.9793     0.0332     0.0241     1.0000
   3409.0842  -367.6010     1.0145     0.0338     0.0252     1.0000
   3409.1125  -365.1153     1.0014     0.0337     0.0276     1.0000
   3409.1411  -362.6034     0.9884     0.0334     0.0271     1.0000
   3409.1694  -360.1177     1.0010     0.0339     0.0254     1.0000
   3409.1980  -357.6057     0.9792     0.0334     0.0242     1.0000
   3409.2263  -355.1201     0.9637     0.0332     0.0241     1.0000
   3409.2549  -352.6081     0.9942     0.0336     0.0269     1.0000
   3409.2832  -350.1225     1.0157     0.0339     0.0282     1.0000
   3409.3115  -347.6369     1.0660     0.0349     0.0268     1.0000
   3409.3401  -345.1249     1.0673     0.0350     0.0256     1.0000
   3409.3684  -342.6393     1.0253     0.0344     0.0250     1.0000
   3409.3970  -340.1273     0.9664     0.0331     0.0253     1.0000
   3409.4253  -337.6416     0.9964     0.0334     0.0281     1.0000
   3409.4539  -335.1297     1.0207     0.0336     0.0267     1.0000
   3409.4822  -332.6440     1.0287     0.0338     0.0250     1.0000
   3409.5107  -330.1408     1.0122     0.0334     0.0245     1.0000
   3409.5391  -327.6464     1.0067     0.0333     0.0246     1.0000
   3409.5676  -325.1432     1.0020     0.0332     0.0271     1.0000
   3409.5959  -322.6576     1.0155     0.0336     0.0279     1.0000
   3409.6243  -320.1632     0.9960     0.0333     0.0250     1.0000
   3409.6528  -317.6600     1.0042     0.0336     0.0246     1.0000
   3409.6811  -315.1744     0.9760     0.0348     0.0253     1.0000
   3409.7097  -312.6624     1.0027     0.0364     0.0286     1.0000
   3409.7380  -310.1768     0.9954     0.0362     0.0299     1.0000
   3409.7666  -307.6648     1.0364     0.0344     0.0274     1.0000
   3409.7949  -305.1791     1.0334     0.0346     0.0252     1.0000
   3409.8235  -302.6672     1.0333     0.0347     0.0254     1.0000
   3409.8518  -300.1815     1.0150     0.0339     0.0253     1.0000
   3409.8804  -297.6696     0.9709     0.0328     0.0270     1.0000
   3409.9087  -295.1839     0.9826     0.0333     0.0280     1.0000
   3409.9373  -292.6719     0.9873     0.0334     0.0250     1.0000
   3409.9656  -290.1863     1.0059     0.0336     0.0247     1.0000
   3409.9941  -287.6831     0.9806     0.0332     0.0245     1.0000
   3410.0225  -285.1887     1.0196     0.0341     0.0264     1.0000
   3410.0510  -282.6855     1.0170     0.0342     0.0287     1.0000
   3410.0793  -280.1999     1.0030     0.0342     0.0273     1.0000
   3410.1077  -277.7055     1.0283     0.0347     0.0252     1.0000
   3410.1362  -275.2023     1.0204     0.0347     0.0254     1.0000
   3410.1645  -272.7166     1.0167     0.0346     0.0258     1.0000
   3410.1931  -270.2047     0.9997     0.0401     0.0288     1.0000
   3410.2214  -267.7190     0.9945     0.0370     0.0323     1.0000
   3410.2500  -265.2070     1.0316     0.0401     0.0277     1.0000
   3410.2783  -262.7214     1.0455     0.0349     0.0251     1.0000
   3410.3069  -260.2094     1.0136     0.0342     0.0250     1.0000
   3410.3352  -257.7238     0.9993     0.0341     0.0259     1.0000
   3410.3638  -255.2118     1.0051     0.0341     0.0287     1.0000
   3410.3921  -252.7262     0.9961     0.0337     0.0278     1.0000
   3410.4207  -250.2142     1.0298     0.0343     0.0251     1.0000
   3410.4490  -247.7286     1.0594     0.0351     0.0256     1.0000
   3410.4775  -245.2254     1.0241     0.0347     0.0259     1.0000
   3410.5059  -242.7310     0.9796     0.0338     0.0266     1.0000
   3410.5344  -240.2278     0.9487     0.0332     0.0281     1.0000
   3410.5627  -237.7421     0.9323     0.0325     0.0258     1.0000
   3410.5913  -235.2302     0.9886     0.0334     0.0240     1.0000
   3410.6196  -232.7445     1.0028     0.0338     0.0248     1.0000
   3410.6482  -230.2326     0.9671     0.0332     0.0250     1.0000
   3410.6765  -227.7469     1.0067     0.0341     0.0278     1.0000
   3410.7051  -225.2349     0.9985     0.0341     0.0290     1.0000
   3410.7334  -222.7493     0.9730     0.0336     0.0258     1.0000
   3410.7620  -220.2373     0.9765     0.0334     0.0238     1.0000
   3410.7903  -217.7517     0.9806     0.0334     0.0243     1.0000
   3410.8189  -215.2397     1.0295     0.0343     0.0262     1.0000
   3410.8472  -212.7541     1.0265     0.0346     0.0288     1.0000
   3410.8757  -210.2509     0.9658     0.0334     0.0279     1.0000
   3410.9041  -207.7565     0.9978     0.0342     0.0256     1.0000
   3410.9326  -205.2533     1.0272     0.0346     0.0246     1.0000
   3410.9609  -202.7677     1.0081     0.0361     0.0266     1.0000
   3410.9895  -200.2557     1.0077     0.0420     0.0273     1.0000
   3411.0178  -197.7700     0.9955     0.0340     0.0287     1.0000
   3411.0464  -195.2581     1.0057     0.0344     0.0286     1.0000
   3411.0747  -192.7724     1.0069     0.0347     0.0256     1.0000
   3411.1033  -190.2605     0.9808     0.0344     0.0243     1.0000
   3411.1316  -187.7748     0.9688     0.0342     0.0252     1.0000
   3411.1602  -185.2628     0.9860     0.0347     0.0272     1.0000
   3411.1885  -182.7772     1.0252     0.0355     0.0302     1.0000
   3411.2170  -180.2740     0.9558     0.0343     0.0283     1.0000
   3411.2454  -177.7796     0.9963     0.0348     0.0254     1.0000
   3411.2739  -175.2764     1.0163     0.0352     0.0251     1.0000
   3411.3023  -172.7820     0.9759     0.0345     0.0256     1.0000
   3411.3308  -170.2788     1.0064     0.0352     0.0279     1.0000
   3411.3591  -167.7932     1.0187     0.0351     0.0299     1.0000
   3411.3877  -165.2812     0.9731     0.0343     0.0280     1.0000
   3411.4163  -162.7692     0.9921     0.0346     0.0250     1.0000
   3411.4446  -160.2836     0.9739     0.0344     0.0243     1.0000
   3411.4731  -157.7804     0.9779     0.0346     0.0258     1.0000
   3411.5015  -155.2860     1.0107     0.0353     0.0281     1.0000
   3411.5300  -152.7828     1.0110     0.0351     0.0301     1.0000
   3411.5583  -150.2971     0.9593     0.0340     0.0279     1.0000
   3411.5869  -147.7852     0.9639     0.0341     0.0247     1.0000
   3411.6152  -145.2995     0.9537     0.0339     0.0236     1.0000
   3411.6438  -142.7875     1.0070     0.0348     0.0264     1.0000
   3411.6721  -140.3019     0.9754     0.0342     0.0271     1.0000
   3411.7007  -137.7899     0.9975     0.0344     0.0295     1.0000
   3411.7290  -135.3043     1.0021     0.0344     0.0284     1.0000
   3411.7576  -132.7923     1.0070     0.0341     0.0244     1.0000
   3411.7859  -130.3067     1.0330     0.0347     0.0246     1.0000
   3411.8144  -127.8035     1.0021     0.0341     0.0250     1.0000
   3411.8428  -125.3091     0.9722     0.0333     0.0262     1.0000
   3411.8713  -122.8059     0.9291     0.0325     0.0277     1.0000
   3411.8999  -120.2939     0.9669     0.0331     0.0275     1.0000
   3411.9282  -117.8083     0.9883     0.0337     0.0244     1.0000
   3411.9568  -115.2963     0.9938     0.0340     0.0237     1.0000
   3411.9851  -112.8107     1.0085     0.0348     0.0258     1.0000
   3412.0137  -110.2987     1.0011     0.0347     0.0274     1.0000
   3412.0420  -107.8131     0.9918     0.0350     0.0297     1.0000
   3412.0706  -105.3011     0.9633     0.0348     0.0295     1.0000
   3412.0989  -102.8154     0.9806     0.0340     0.0252     1.0000
   3412.1274  -100.3123     0.9799     0.0337     0.0231     1.0000
   3412.1558   -97.8178     1.0147     0.0344     0.0252     1.0000
   3412.1843   -95.3146     1.0026     0.0338     0.0259     1.0000
   3412.2129   -92.8027     1.0084     0.0342     0.0284     1.0000
   3412.2412   -90.3170     0.9862     0.0331     0.0280     1.0000
   3412.2698   -87.8050     0.9038     0.0325     0.0246     1.0000
   3412.2981   -85.3194     0.8272     0.0307     0.0212     1.0000
   3412.3267   -82.8074     0.7004     0.0279     0.0200     1.0000
   3412.3550   -80.3218     0.5700     0.0252     0.0187     1.0000
   3412.3835   -77.8186     0.6067     0.0259     0.0211     1.0000
   3412.4119   -75.3242     0.6194     0.0263     0.0224     1.0000
   3412.4404   -72.8210     0.5094     0.0236     0.0182     1.0000
   3412.4690   -70.3090     0.3385     0.0198     0.0136     1.0000
   3412.4973   -67.8234     0.1950     0.0159     0.0109     1.0000
   3412.5259   -65.3114     0.0951     0.0120     0.0093     1.0000
   3412.5542   -62.8258     0.0503     0.0106     0.0086     1.0000
   3412.5828   -60.3138     0.0223     0.0091     0.0080     1.0000
   3412.6111   -57.8282     0.0460     0.0098     0.0084     1.0000
   3412.6397   -55.3162     0.0216     0.0087     0.0064     1.0000
   3412.6680   -52.8306     0.0121     0.0083     0.0057     1.0000
   3412.6965   -50.3274     0.0244     0.0105     0.0078     1.0000
   3412.7251   -47.8154    -0.0103     0.0095     0.0074     1.0000
   3412.7534   -45.3298    -0.0100     0.0088     0.0075     1.0000
   3412.7820   -42.8178     0.0105     0.0088     0.0077     1.0000
   3412.8103   -40.3321     0.0186     0.0096     0.0077     1.0000
   3412.8389   -37.8202     0.0184     0.0087     0.0058     1.0000
   3412.8672   -35.3345     0.0094     0.0079     0.0053     1.0000
   3412.8958   -32.8226     0.0052     0.0086     0.0064     1.0000
   3412.9243   -30.3194     0.0007     0.0083     0.0069     1.0000
   3412.9526   -27.8337    -0.0073     0.0085     0.0075     1.0000
   3412.9812   -25.3217     0.0224     0.0084     0.0071     1.0000
   3413.0095   -22.8361     0.0218     0.0090     0.0067     1.0000
   3413.0381   -20.3241     0.0106     0.0086     0.0057     1.0000
   3413.0664   -17.8385     0.0126     0.0082     0.0058     1.0000
   3413.0950   -15.3265     0.0264     0.0079     0.0060     1.0000
   3413.1235   -12.8233     0.0167     0.0081     0.0071     1.0000
   3413.1519   -10.3289     0.0028     0.0082     0.0072     1.0000
   3413.1804    -7.8257    -0.0090     0.0086     0.0068     1.0000
   3413.2087    -5.3401    -0.0039     0.0085     0.0059     1.0000
   3413.2373    -2.8281     0.0076     0.0082     0.0056     1.0000
   3413.2659    -0.3161    -0.0024     0.0080     0.0057     1.0000
   3413.2942     2.1695    -0.0047     0.0083     0.0065     1.0000
   3413.3227     4.6727     0.0003     0.0086     0.0076     1.0000
   3413.3511     7.1671    -0.0031     0.0087     0.0075     1.0000
   3413.3796     9.6703     0.0090     0.0096     0.0070     1.0000
   3413.4082    12.1823     0.0036     0.0079     0.0053     1.0000
   3413.4365    14.6679     0.0175     0.0084     0.0057     1.0000
   3413.4651    17.1799     0.0248     0.0089     0.0069     1.0000
   3413.4934    19.6655    -0.0039     0.0080     0.0067     1.0000
   3413.5220    22.1775     0.0029     0.0084     0.0075     1.0000
   3413.5503    24.6631    -0.0087     0.0085     0.0070     1.0000
   3413.5789    27.1751     0.0048     0.0089     0.0066     1.0000
   3413.6074    29.6783     0.0152     0.0085     0.0057     1.0000
   3413.6357    32.1639     0.0199     0.0084     0.0057     1.0000
   3413.6643    34.6759     0.0259     0.0090     0.0069     1.0000
   3413.6926    37.1616     0.0406     0.0092     0.0080     1.0000
   3413.7212    39.6735     0.0333     0.0097     0.0087     1.0000
   3413.7498    42.1855     0.0186     0.0088     0.0071     1.0000
   3413.7781    44.6711     0.0064     0.0085     0.0060     1.0000
   3413.8066    47.1743     0.0053     0.0088     0.0059     1.0000
   3413.8350    49.6688     0.0174     0.0090     0.0064     1.0000
   3413.8635    52.1720     0.0286     0.0091     0.0069     1.0000
   3413.8921    54.6839     0.0200     0.0091     0.0080     1.0000
   3413.9204    57.1696     0.0436     0.0096     0.0087     1.0000
   3413.9490    59.6815     0.0191     0.0084     0.0066     1.0000
   3413.9775    62.1847     0.0220     0.0092     0.0065     1.0000
   3414.0059    64.6792     0.0150     0.0084     0.0057     1.0000
   3414.0344    67.1824     0.0009     0.0081     0.0057     1.0000
   3414.0627    69.6680     0.0139     0.0096     0.0066     1.0000
   3414.0913    72.1800     0.1045     0.0122     0.0107     1.0000
   3414.1199    74.6919     0.2062     0.0159     0.0144     1.0000
   3414.1482    77.1776     0.3488     0.0194     0.0157     1.0000
   3414.1768    79.6896     0.5273     0.0232     0.0172     1.0000
   3414.2051    82.1752     0.7049     0.0268     0.0178     1.0000
   3414.2336    84.6784     0.8330     0.0301     0.0207     1.0000
   3414.2622    87.1904     0.9164     0.0313     0.0251     1.0000
   3414.2905    89.6760     0.8953     0.0308     0.0260     1.0000
   3414.3191    92.1880     0.8784     0.0303     0.0257     1.0000
   3414.3477    94.7000     0.8839     0.0309     0.0255     1.0000
   3414.3760    97.1856     0.9014     0.0307     0.0222     1.0000
   3414.4045    99.6888     0.9312     0.0313     0.0208     1.0000
   3414.4329   102.1832     0.9514     0.0315     0.0226     1.0000
   3414.4614   104.6864     0.9650     0.0319     0.0242     1.0000
   3414.4900   107.1984     0.9980     0.0324     0.0265     1.0000
   3414.5183   109.6840     0.9526     0.0316     0.0277     1.0000
   3414.5469   112.1960     1.0090     0.0327     0.0271     1.0000
   3414.5754   114.6992     0.9717     0.0323     0.0229     1.0000
   3414.6038   117.1936     0.9716     0.0322     0.0226     1.0000
   3414.6323   119.6968     1.0129     0.0327     0.0232     1.0000
   3414.6606   122.1824     1.0141     0.0327     0.0233     1.0000
   3414.6892   124.6944     1.0090     0.0326     0.0268     1.0000
   3414.7178   127.2064     0.9529     0.0315     0.0278     1.0000
   3414.7461   129.6920     0.9558     0.0316     0.0259     1.0000
   3414.7747   132.2040     1.0207     0.0329     0.0248     1.0000
   3414.8032   134.7072     1.0387     0.0336     0.0244     1.0000
   3414.8315   137.1928     0.9667     0.0325     0.0220     1.0000
   3414.8601   139.7048     0.9362     0.0319     0.0220     1.0000
   3414.8887   142.2168     1.0132     0.0332     0.0269     1.0000
   3414.9170   144.7024     1.0034     0.0330     0.0283     1.0000
   3414.9456   147.2144     0.9410     0.0320     0.0266     1.0000
   3414.9739   149.7000     1.0254     0.0336     0.0274     1.0000
   3415.0024   152.2032     1.0312     0.0342     0.0247     1.0000
   3415.0310   154.7152     1.0209     0.0334     0.0219     1.0000
   3415.0593   157.2008     1.0290     0.0336     0.0240     1.0000
   3415.0879   159.7128     0.9886     0.0329     0.0249     1.0000
   3415.1165   162.2248     1.0194     0.0332     0.0266     1.0000
   3415.1448   164.7104     1.0103     0.0333     0.0290     1.0000
   3415.1733   167.2136     0.9475     0.0324     0.0275     1.0000
   3415.2019   169.7256     0.9999     0.0333     0.0246     1.0000
   3415.2302   172.2112     0.9892     0.0330     0.0228     1.0000
   3415.2588   174.7232     0.9971     0.0332     0.0237     1.0000
   3415.2874   177.2352     0.9896     0.0330     0.0230     1.0000
   3415.3157   179.7208     0.9815     0.0327     0.0248     1.0000
   3415.3442   182.2240     0.9372     0.0320     0.0277     1.0000
   3415.3728   184.7360     1.0204     0.0334     0.0291     1.0000
   3415.4011   187.2216     0.9469     0.0320     0.0249     1.0000
   3415.4297   189.7336     0.9676     0.0324     0.0246     1.0000
   3415.4583   192.2456     0.9560     0.0323     0.0226     1.0000
   3415.4866   194.7312     0.9718     0.0325     0.0214     1.0000
   3415.5151   197.2344     0.9855     0.0324     0.0239     1.0000
   3415.5437   199.7464     0.9716     0.0322     0.0262     1.0000
   3415.5720   202.2320     0.9746     0.0324     0.0271     1.0000
   3415.6006   204.7440     0.9767     0.0324     0.0278     1.0000
   3415.6292   207.2560     1.0279     0.0334     0.0275     1.0000
   3415.6575   209.7416     1.0320     0.0334     0.0235     1.0000
   3415.6860   212.2448     0.9948     0.0327     0.0220     1.0000
   3415.7146   214.7568     0.9981     0.0327     0.0237     1.0000
   3415.7429   217.2424     1.0253     0.0332     0.0241     1.0000
   3415.7715   219.7544     1.0183     0.0334     0.0261     1.0000
   3415.8000   222.2576     0.9775     0.0329     0.0290     1.0000
   3415.8284   224.7520     0.9677     0.0324     0.0278     1.0000
   3415.8569   227.2552     0.9890     0.0331     0.0253     1.0000
   3415.8855   229.7672     0.9891     0.0331     0.0243     1.0000
   3415.9138   232.2528     0.9949     0.0333     0.0237     1.0000
   3415.9424   234.7648     0.9919     0.0334     0.0222     1.0000
   3415.9709   237.2680     0.9875     0.0333     0.0245     1.0000
   3415.9993   239.7624     1.0053     0.0334     0.0278     1.0000
   3416.0278   242.2656     0.9952     0.0331     0.0277     1.0000
   3416.0564   244.7776     1.0509     0.0341     0.0288     1.0000
   3416.0847   247.2632     0.9847     0.0330     0.0270     1.0000
   3416.1133   249.7752     0.9809     0.0332     0.0239     1.0000
   3416.1418   252.2784     0.9900     0.0334     0.0222     1.0000
   3416.1702   254.7728     0.9811     0.0332     0.0240     1.0000
   3416.1987   257.2760     0.9931     0.0334     0.0246     1.0000
   3416.2273   259.7880     1.0196     0.0356     0.0266     1.0000
   3416.2556   262.2736     1.0056     0.0337     0.0292     1.0000
   3416.2842   264.7856     1.0100     0.0333     0.0293     1.0000
   3416.3127   267.2888     1.0332     0.0338     0.0263     1.0000
   3416.3413   269.8008     1.0102     0.0333     0.0247     1.0000
   3416.3696   272.2864     0.9959     0.0331     0.0245     1.0000
   3416.3982   274.7984     0.9859     0.0331     0.0221     1.0000
   3416.4268   277.3103     0.9782     0.0332     0.0231     1.0000
   3416.4551   279.7960     0.9815     0.0331     0.0264     1.0000
   3416.4836   282.2992     1.0016     0.0333     0.0276     1.0000
   3416.5122   284.8112     0.9634     0.0326     0.0273     1.0000
   3416.5405   287.2968     0.9935     0.0329     0.0283     1.0000
   3416.5691   289.8088     0.9900     0.0330     0.0258     1.0000
   3416.5977   292.3207     0.9774     0.0330     0.0225     1.0000
   3416.6262   294.8239     0.9465     0.0328     0.0231     1.0000
   3416.6545   297.3096     0.9480     0.0329     0.0240     1.0000
   3416.6831   299.8216     0.9976     0.0334     0.0237     1.0000
   3416.7117   302.3335     0.9948     0.0333     0.0261     1.0000
   3416.7400   304.8192     1.0492     0.0345     0.0304     1.0000
   3416.7685   307.3224     1.0179     0.0339     0.0286     1.0000
   3416.7971   309.8343     1.0096     0.0335     0.0264     1.0000
   3416.8254   312.3200     0.9842     0.0331     0.0256     1.0000
   3416.8540   314.8319     1.0151     0.0337     0.0241     1.0000
   3416.8826   317.3439     1.0104     0.0339     0.0221     1.0000
   3416.9111   319.8471     1.0581     0.0364     0.0267     1.0000
   3416.9394   322.3328     1.0246     0.0342     0.0266     1.0000
   3416.9680   324.8447     0.9863     0.0338     0.0264     1.0000
   3416.9966   327.3567     1.0208     0.0345     0.0297     1.0000
   3417.0249   329.8423     0.9728     0.0332     0.0291     1.0000
   3417.0535   332.3543     1.0078     0.0336     0.0260     1.0000
   3417.0820   334.8575     1.0222     0.0340     0.0241     1.0000
   3417.1106   337.3695     1.0236     0.0342     0.0254     1.0000
   3417.1389   339.8551     1.0436     0.0354     0.0250     1.0000
   3417.1675   342.3671     1.0431     0.0354     0.0240     1.0000
   3417.1960   344.8703     1.0180     0.0343     0.0268     1.0000
   3417.2244   347.3647     0.9903     0.0342     0.0287     1.0000
   3417.2529   349.8679     0.9921     0.0357     0.0289     1.0000
   3417.2815   352.3799     1.0201     0.0344     0.0291     1.0000
   3417.3101   354.8919     0.9946     0.0338     0.0279     1.0000
   3417.3384   357.3775     0.9342     0.0329     0.0234     1.0000
   3417.3669   359.8807     0.9963     0.0340     0.0232     1.0000
   3417.3955   362.3927     1.0423     0.0345     0.0254     1.0000
   3417.4241   364.9047     1.0283     0.0343     0.0246     1.0000
   3417.4524   367.3903     1.0351     0.0345     0.0245     1.0000
   3417.4810   369.9023     1.0564     0.0349     0.0290     1.0000
   3417.5095   372.4055     0.9394     0.0329     0.0286     1.0000
   3417.5378   374.8911     0.9961     0.0338     0.0277     1.0000
   3417.5664   377.4031     0.9300     0.0329     0.0263     1.0000
   3417.5950   379.9151     0.9495     0.0329     0.0260     1.0000
   3417.6235   382.4183     0.9938     0.0334     0.0230     1.0000
   3417.6519   384.9127     1.0132     0.0336     0.0226     1.0000
   3417.6804   387.4159     0.9993     0.0334     0.0249     1.0000
   3417.7090   389.9279     0.9875     0.0333     0.0249     1.0000
   3417.7375   392.4310     1.0019     0.0334     0.0252     1.0000
   3417.7659   394.9255     0.9880     0.0331     0.0281     1.0000
   3417.7944   397.4287     0.9938     0.0332     0.0291     1.0000
   3417.8230   399.9406     0.9851     0.0331     0.0261     1.0000
   3417.8516   402.4526     0.9773     0.0332     0.0256     1.0000
   3417.8799   404.9382     0.9394     0.0324     0.0250     1.0000
   3417.9084   407.4414     0.9137     0.0318     0.0218     1.0000
   3417.9370   409.9534     0.9663     0.0327     0.0219     1.0000
   3417.9656   412.4654     1.0130     0.0336     0.0255     1.0000
   3417.9939   414.9510     1.0177     0.0338     0.0261     1.0000
   3418.0225   417.4630     1.0317     0.0340     0.0261     1.0000
   3418.0510   419.9662     0.9584     0.0328     0.0277     1.0000
   3418.0796   422.4782     0.9564     0.0330     0.0289     1.0000
   3418.1079   424.9638     0.9929     0.0334     0.0262     1.0000
   3418.1365   427.4758     1.0122     0.0340     0.0255     1.0000
   3418.1650   429.9790     1.0483     0.0346     0.0267     1.0000
   3418.1936   432.4910     0.9786     0.0338     0.0236     1.0000
   3418.2219   434.9766     0.9346     0.0331     0.0221     1.0000
   3418.2505   437.4886     0.9584     0.0334     0.0255     1.0000
   3418.2791   440.0006     1.0208     0.0343     0.0269     1.0000
   3418.3076   442.5038     1.0569     0.0348     0.0267     1.0000
   3418.3359   444.9894     0.9893     0.0337     0.0278     1.0000
   3418.3645   447.5014     1.0563     0.0361     0.0319     1.0000
   3418.3931   450.0134     1.0051     0.0338     0.0267     1.0000
   3418.4216   452.5166     1.0107     0.0340     0.0251     1.0000
   3418.4500   455.0110     1.0085     0.0392     0.0268     1.0000
   3418.4785   457.5142     1.0432     0.0362     0.0262     1.0000
   3418.5071   460.0261     0.9791     0.0343     0.0230     1.0000
   3418.5356   462.5293     0.9233     0.0322     0.0238     1.0000
   3418.5640   465.0238     0.9553     0.0328     0.0262     1.0000
   3418.5925   467.5270     0.9735     0.0330     0.0251     1.0000
   3418.6211   470.0389     0.9793     0.0331     0.0265     1.0000
   3418.6497   472.5509     0.9815     0.0332     0.0291     1.0000
   3418.6782   475.0541     0.9679     0.0328     0.0270     1.0000
   3418.7065   477.5397     0.9317     0.0327     0.0243     1.0000
   3418.7351   480.0517     0.9673     0.0337     0.0262     1.0000
   3418.7637   482.5637     1.0407     0.0346     0.0260     1.0000
   3418.7922   485.0669     1.0348     0.0366     0.0234     1.0000
   3418.8206   487.5613     0.9993     0.0350     0.0250     1.0000
   3418.8491   490.0645     0.9979     0.0361     0.0285     1.0000
   3418.8777   492.5765     1.0391     0.0352     0.0266     1.0000
   3418.9062   495.0797     1.0465     0.0349     0.0266     1.0000
   3418.9346   497.5741     1.0651     0.0348     0.0297     1.0000
   3418.9631   500.0773     1.0546     0.0349     0.0297     1.0000
   3418.9917   502.5893     1.0575     0.0349     0.0271     1.0000
   3419.0203   505.1013     1.0490     0.0346     0.0271     1.0000
   3419.0488   507.6044     1.0360     0.0348     0.0272     1.0000
   3419.0772   510.0989     1.0355     0.0349     0.0242     1.0000
   3419.1057   512.6021     0.9925     0.0340     0.0232     1.0000
   3419.1343   515.1140     0.9759     0.0336     0.0258     1.0000
   3419.1628   517.6172     1.0156     0.0344     0.0262     1.0000
   3419.1914   520.1292     0.9982     0.0340     0.0246     1.0000
   3419.2197   522.6148     1.0317     0.0347     0.0279     1.0000
   3419.2483   525.1268     1.0442     0.0346     0.0292     1.0000
   3419.2769   527.6388     0.9987     0.0336     0.0264     1.0000
   3419.3054   530.1420     0.9537     0.0329     0.0260     1.0000
   3419.3340   532.6540     1.0029     0.0349     0.0290     1.0000
   3419.3623   535.1396     0.9576     0.0331     0.0249     1.0000
   3419.3909   537.6516     1.0013     0.0338     0.0229     1.0000
   3419.4194   540.1548     1.0073     0.0339     0.0250     1.0000
   3419.4480   542.6668     1.0023     0.0336     0.0255     1.0000
   3419.4763   545.1524     0.9873     0.0333     0.0232     1.0000
   3419.5049   547.6644     0.9923     0.0336     0.0251     1.0000
   3419.5334   550.1676     1.0301     0.0350     0.0290     1.0000
   3419.5620   552.6796     1.0540     0.0347     0.0278     1.0000
   3419.5906   555.1915     1.0043     0.0337     0.0257     1.0000
   3419.6189   557.6772     0.9967     0.0335     0.0283     1.0000
   3419.6475   560.1891     0.9903     0.0337     0.0281     1.0000
   3419.6760   562.6923     1.0718     0.0349     0.0258     1.0000
   3419.7046   565.2043     1.0125     0.0340     0.0248     1.0000
   3419.7332   567.7163     0.9800     0.0339     0.0264     1.0000
   3419.7617   570.2195     1.0237     0.0344     0.0249     1.0000
   3419.7900   572.7051     1.0250     0.0344     0.0233     1.0000
   3419.8186   575.2171     1.0288     0.0346     0.0267     1.0000
   3419.8472   577.7291     0.9631     0.0332     0.0264     1.0000
   3419.8757   580.2323     0.9827     0.0337     0.0248     1.0000
   3419.9043   582.7443     1.0014     0.0338     0.0262     1.0000
   3419.9326   585.2299     1.0058     0.0336     0.0287     1.0000
   3419.9612   587.7419     0.9788     0.0335     0.0272     1.0000
   3419.9898   590.2539     1.0205     0.0342     0.0262     1.0000
   3420.0183   592.7571     0.9583     0.0334     0.0264     1.0000
   3420.0469   595.2690     1.0010     0.0342     0.0271     1.0000
   3420.0752   597.7547     1.0056     0.0343     0.0238     1.0000
   3420.1038   600.2666     0.9722     0.0337     0.0237     1.0000
   3420.1323   602.7698     0.9961     0.0341     0.0268     1.0000
   3420.1609   605.2818     1.0144     0.0344     0.0256     1.0000
