   3121.6909  -592.8386     0.7168     0.1054     0.0830     1.0000
   3121.7168  -590.3562     0.7868     0.1073     0.0749     1.0000
   3121.7429  -587.8546     0.9355     0.1126     0.0751     1.0000
   3121.7690  -585.3531     0.9479     0.1128     0.0826     1.0000
   3121.7949  -582.8707     1.0659     0.1162     0.0856     1.0000
   3121.8210  -580.3691     1.0170     0.1168     0.0852     1.0000
   3121.8472  -577.8580     0.9418     0.1138     0.0972     1.0000
   3121.8731  -575.3756     1.2026     0.1357     0.1243     1.0000
   3121.8992  -572.8740     1.2401     0.1398     0.1106     1.0000
   3121.9250  -570.4012     0.9074     0.1104     0.0843     1.0000
   3121.9512  -567.8900     0.7544     0.1068     0.0824     1.0000
   3121.9773  -565.3885     0.7375     0.1056     0.0749     1.0000
   3122.0032  -562.9061     0.8594     0.1125     0.0729     1.0000
   3122.0293  -560.4045     0.8683     0.1135     0.0833     1.0000
   3122.0554  -557.9029     0.7198     0.1056     0.0813     1.0000
   3122.0813  -555.4206     0.9839     0.1173     0.0921     1.0000
   3122.1074  -552.9190     1.1138     0.1317     0.1070     1.0000
   3122.1335  -550.4174     1.3340     0.1258     0.1150     1.0000
   3122.1594  -547.9350     1.0619     0.1418     0.1196     1.0000
   3122.1856  -545.4239     0.8276     0.1087     0.0781     1.0000
   3122.2114  -542.9511     0.8467     0.1089     0.0798     1.0000
   3122.2375  -540.4495     0.9153     0.1136     0.0841     1.0000
   3122.2637  -537.9384     1.1102     0.1203     0.0811     1.0000
   3122.2895  -535.4655     1.1605     0.1212     0.0825     1.0000
   3122.3157  -532.9544     1.1062     0.1196     0.0949     1.0000
   3122.3418  -530.4528     1.0625     0.1252     0.1035     1.0000
   3122.3677  -527.9704     0.9259     0.1103     0.0899     1.0000
   3122.3938  -525.4689     0.8499     0.1093     0.0934     1.0000
   3122.4199  -522.9673     1.1171     0.1245     0.1067     1.0000
   3122.4458  -520.4849     0.9979     0.1175     0.0848     1.0000
   3122.4719  -517.9833     0.9635     0.1155     0.0782     1.0000
   3122.4981  -515.4722     0.9960     0.1173     0.0875     1.0000
   3122.5239  -512.9994     1.0060     0.1132     0.0813     1.0000
   3122.5500  -510.4978     1.1147     0.1263     0.0857     1.0000
   3122.5762  -507.9867     0.8119     0.1095     0.0813     1.0000
   3122.6020  -505.5139     1.0648     0.1166     0.0985     1.0000
   3122.6282  -503.0027     1.0063     0.1177     0.0996     1.0000
   3122.6543  -500.5012     0.8867     0.1103     0.0915     1.0000
   3122.6802  -498.0188     1.0415     0.1150     0.0990     1.0000
   3122.7063  -495.5172     0.8447     0.1078     0.0846     1.0000
   3122.7324  -493.0156     0.9640     0.1135     0.0774     1.0000
   3122.7583  -490.5332     1.1506     0.1312     0.0931     1.0000
   3122.7844  -488.0317     0.8915     0.1189     0.0886     1.0000
   3122.8106  -485.5205     1.0420     0.1169     0.0807     1.0000
   3122.8364  -483.0477     1.1122     0.1196     0.0855     1.0000
   3122.8625  -480.5461     0.7746     0.1071     0.0861     1.0000
   3122.8887  -478.0350     0.9929     0.1153     0.1010     1.0000
   3122.9145  -475.5622     1.1074     0.1187     0.0995     1.0000
   3122.9407  -473.0510     0.9619     0.1143     0.0929     1.0000
   3122.9668  -470.5495     1.0816     0.1187     0.1002     1.0000
   3122.9927  -468.0671     1.0914     0.1176     0.0872     1.0000
   3123.0188  -465.5655     1.0564     0.1216     0.0808     1.0000
   3123.0449  -463.0640     0.9046     0.1112     0.0802     1.0000
   3123.0708  -460.5816     1.0379     0.1175     0.0884     1.0000
   3123.0969  -458.0800     0.9210     0.1106     0.0751     1.0000
   3123.1231  -455.5688     1.1305     0.1245     0.0873     1.0000
   3123.1489  -453.0960     1.3578     0.1425     0.1182     1.0000
   3123.1750  -450.5945     1.2357     0.1343     0.1170     1.0000
   3123.2012  -448.0833     0.7478     0.1032     0.0841     1.0000
   3123.2270  -445.6105     1.0365     0.1224     0.1018     1.0000
   3123.2532  -443.0994     0.8659     0.1093     0.0913     1.0000
   3123.2793  -440.5978     0.9133     0.1237     0.0894     1.0000
   3123.3052  -438.1154     0.8200     0.1068     0.0729     1.0000
   3123.3313  -435.6138     1.0566     0.1326     0.0990     1.0000
   3123.3574  -433.1123     0.9092     0.1107     0.0815     1.0000
   3123.3833  -430.6299     1.0498     0.1146     0.0766     1.0000
   3123.4094  -428.1283     1.0305     0.1154     0.0838     1.0000
   3123.4356  -425.6172     1.0822     0.1330     0.1109     1.0000
   3123.4614  -423.1444     1.7560     0.1936     0.1531     1.0000
   3123.4875  -420.6428     1.3549     0.1358     0.1093     1.0000
   3123.5137  -418.1316     1.0278     0.1161     0.1016     1.0000
   3123.5398  -415.6301     0.8103     0.1077     0.0908     1.0000
   3123.5657  -413.1477     0.6736     0.1042     0.0753     1.0000
   3123.5918  -410.6461     1.0257     0.1253     0.0890     1.0000
   3123.6179  -408.1446     0.9377     0.1169     0.0891     1.0000
   3123.6438  -405.6622     1.0431     0.1175     0.0852     1.0000
   3123.6699  -403.1606     1.1181     0.1178     0.0777     1.0000
   3123.6960  -400.6590     0.9579     0.1099     0.0798     1.0000
   3123.7219  -398.1766     0.8312     0.1038     0.0832     1.0000
   3123.7481  -395.6655     1.0234     0.1092     0.0852     1.0000
   3123.7742  -393.1639     0.9709     0.1080     0.0825     1.0000
   3123.8000  -390.6911     0.9954     0.1135     0.1018     1.0000
   3123.8262  -388.1800     0.8691     0.1097     0.0968     1.0000
   3123.8523  -385.6784     1.1364     0.1243     0.0950     1.0000
   3123.8784  -383.1768     0.9190     0.1094     0.0788     1.0000
   3123.9043  -380.6944     0.8497     0.1077     0.0859     1.0000
   3123.9304  -378.1929     0.6849     0.1029     0.0748     1.0000
   3123.9565  -375.6913     0.7973     0.1053     0.0688     1.0000
   3123.9824  -373.2089     0.8638     0.1066     0.0750     1.0000
   3124.0085  -370.7074     0.9798     0.1207     0.0945     1.0000
   3124.0347  -368.1962     0.8406     0.1120     0.0808     1.0000
   3124.0608  -365.6946     1.0530     0.1157     0.0834     1.0000
   3124.0867  -363.2122     1.0658     0.1236     0.1033     1.0000
   3124.1128  -360.7107     1.0521     0.1206     0.1073     1.0000
   3124.1389  -358.2091     1.1234     0.1176     0.0961     1.0000
   3124.1648  -355.7267     1.1578     0.1230     0.0942     1.0000
   3124.1909  -353.2252     1.1613     0.1245     0.1036     1.0000
   3124.2170  -350.7236     1.0358     0.1186     0.0929     1.0000
   3124.2429  -348.2412     0.9862     0.1182     0.0771     1.0000
   3124.2690  -345.7396     0.9882     0.1158     0.0829     1.0000
   3124.2952  -343.2285     0.8625     0.1073     0.0826     1.0000
   3124.3213  -340.7269     0.9476     0.1120     0.0784     1.0000
   3124.3472  -338.2445     1.0532     0.1184     0.0803     1.0000
   3124.3733  -335.7430     1.0106     0.1174     0.0919     1.0000
   3124.3994  -333.2414     0.9508     0.1142     0.0946     1.0000
   3124.4255  -330.7398     1.1430     0.1216     0.0928     1.0000
   3124.4514  -328.2574     1.1366     0.1206     0.0944     1.0000
   3124.4775  -325.7559     1.1813     0.1220     0.1091     1.0000
   3124.5037  -323.2447     0.6611     0.1041     0.0872     1.0000
   3124.5295  -320.7719     0.8366     0.1124     0.0813     1.0000
   3124.5557  -318.2608     1.0890     0.1186     0.0896     1.0000
   3124.5818  -315.7592     0.8302     0.1079     0.0860     1.0000
   3124.6079  -313.2576     0.9021     0.1075     0.0782     1.0000
   3124.6338  -310.7752     0.9217     0.1056     0.0686     1.0000
   3124.6599  -308.2737     0.9339     0.1068     0.0786     1.0000
   3124.6860  -305.7721     0.9906     0.1112     0.0868     1.0000
   3124.7119  -303.2897     0.9282     0.1095     0.0776     1.0000
   3124.7380  -300.7882     0.9119     0.1081     0.0756     1.0000
   3124.7642  -298.2770     0.9748     0.1092     0.0901     1.0000
   3124.7903  -295.7754     0.9371     0.1106     0.0935     1.0000
   3124.8162  -293.2930     1.0496     0.1134     0.0867     1.0000
   3124.8423  -290.7915     1.0490     0.1157     0.0933     1.0000
   3124.8684  -288.2899     0.8815     0.1150     0.0984     1.0000
   3124.8945  -285.7884     0.9588     0.1195     0.0937     1.0000
   3124.9204  -283.3060     1.0518     0.1186     0.0843     1.0000
   3124.9465  -280.8044     1.0383     0.1140     0.0838     1.0000
   3124.9727  -278.2932     1.0511     0.1143     0.0917     1.0000
   3124.9988  -275.7917     0.9796     0.1126     0.0810     1.0000
   3125.0247  -273.3093     1.0293     0.1177     0.0759     1.0000
   3125.0508  -270.8077     1.0107     0.1154     0.0860     1.0000
   3125.0769  -268.3062     1.0401     0.1221     0.0990     1.0000
   3125.1030  -265.8046     0.9988     0.1202     0.0852     1.0000
   3125.1289  -263.3222     1.1731     0.1235     0.0843     1.0000
   3125.1550  -260.8206     1.1842     0.1214     0.1021     1.0000
   3125.1811  -258.3191     0.8436     0.1038     0.0891     1.0000
   3125.2073  -255.8079     1.2121     0.1266     0.0959     1.0000
   3125.2332  -253.3255     0.9721     1.1149     0.0840     1.0000
   3125.2593  -250.8240     0.8925     1.1075     0.0925     1.0000
   3125.2854  -248.3224     1.0679     1.1151     0.0927     1.0000
   3125.3115  -245.8208     1.0597     1.1143     0.0796     1.0000
   3125.3374  -243.3384     0.9513     1.1077     0.0774     1.0000
   3125.3635  -240.8369     1.0336     1.1151     0.0936     1.0000
   3125.3897  -238.3257     0.9253     1.1082     0.0774     1.0000
   3125.4158  -235.8242     1.0147     1.1106     0.0730     1.0000
   3125.4417  -233.3418     1.1678     1.1218     0.0901     1.0000
   3125.4678  -230.8402     0.9332     1.1102     0.0891     1.0000
   3125.4939  -228.3386     1.1334     1.1162     0.0849     1.0000
   3125.5200  -225.8371     0.9971     1.1114     0.0760     1.0000
   3125.5459  -223.3547     0.7964     1.1047     0.0847     1.0000
   3125.5720  -220.8531     1.2877     1.1394     0.1164     1.0000
   3125.5981  -218.3516     1.0232     1.1111     0.0832     1.0000
   3125.6243  -215.8404     1.0399     1.1110     0.0858     1.0000
   3125.6501  -213.3676     0.9073     1.1042     0.0876     1.0000
   3125.6763  -210.8564     1.0764     1.1157     0.0988     1.0000
   3125.7024  -208.3549     0.8608     1.1025     0.0739     1.0000
   3125.7285  -205.8533     0.8128     1.1059     0.0741     1.0000
   3125.7544  -203.3709     0.8322     1.1064     0.0867     1.0000
   3125.7805  -200.8694     0.9359     1.1095     0.0855     1.0000
   3125.8066  -198.3678     0.7624     1.0968     0.0638     1.0000
   3125.8328  -195.8566     0.8457     1.1035     0.0735     1.0000
   3125.8586  -193.3838     0.9776     1.1086     0.0874     1.0000
   3125.8848  -190.8727     0.8093     1.1070     0.0809     1.0000
   3125.9109  -188.3711     0.7318     1.1034     0.0676     1.0000
   3125.9370  -185.8696     0.6956     1.0956     0.0673     1.0000
   3125.9631  -183.3680     0.7925     1.0987     0.0814     1.0000
   3125.9890  -180.8856     0.8871     1.1114     0.0854     1.0000
   3126.0151  -178.3840     0.9138     1.1019     0.0699     1.0000
   3126.0413  -175.8729     1.0087     1.1090     0.0863     1.0000
   3126.0674  -173.3713     0.9150     1.1101     0.0966     1.0000
   3126.0933  -170.8889     0.7876     1.1043     0.0830     1.0000
   3126.1194  -168.3874     0.7908     1.1030     0.0723     1.0000
   3126.1455  -165.8858     0.9871     1.1098     0.0889     1.0000
   3126.1716  -163.3842     0.8119     1.1005     0.0865     1.0000
   3126.1977  -160.8827     0.8769     1.1038     0.0803     1.0000
   3126.2236  -158.4003     0.8644     1.1048     0.0727     1.0000
   3126.2498  -155.8891     0.7818     1.1043     0.0830     1.0000
   3126.2759  -153.3876     0.7359     1.0971     0.0798     1.0000
   3126.3020  -150.8860     0.8144     1.0991     0.0702     1.0000
   3126.3279  -148.4036     0.6946     1.0959     0.0649     1.0000
   3126.3540  -145.9020     0.7302     1.0979     0.0760     1.0000
   3126.3801  -143.4005     0.8962     1.1071     0.0855     1.0000
   3126.4062  -140.8989     0.9026     1.1050     0.0734     1.0000
   3126.4324  -138.3878     0.9507     1.1058     0.0715     1.0000
   3126.4583  -135.9054     0.8225     1.1037     0.0826     1.0000
   3126.4844  -133.4038     0.9115     1.1051     0.0837     1.0000
   3126.5105  -130.9022     1.1034     1.1111     0.0788     1.0000
   3126.5366  -128.4007     1.0209     0.1088     0.0779     1.0000
   3126.5627  -125.8991     1.0557     0.1104     0.0936     1.0000
   3126.5886  -123.4167     0.7823     0.1046     0.0841     1.0000
   3126.6148  -120.9056     0.9492     0.1078     0.0772     1.0000
   3126.6409  -118.4040     0.8824     0.1017     0.0736     1.0000
   3126.6670  -115.9024     0.7701     0.0982     0.0814     1.0000
   3126.6931  -113.4009     1.0347     0.1079     0.0882     1.0000
   3126.7190  -110.9185     0.9244     0.1088     0.0760     1.0000
   3126.7451  -108.4169     0.8453     0.1025     0.0750     1.0000
   3126.7712  -105.9153     0.8960     0.1048     0.0865     1.0000
   3126.7974  -103.4042     0.7784     0.0997     0.0790     1.0000
   3126.8235  -100.9026     0.8971     0.1035     0.0723     1.0000
   3126.8494   -98.4202     1.0145     0.1071     0.0785     1.0000
   3126.8755   -95.9187     0.9609     0.1084     0.0885     1.0000
   3126.9016   -93.4171     1.0342     0.1123     0.0854     1.0000
   3126.9277   -90.9155     1.0780     0.1089     0.0723     1.0000
   3126.9539   -88.4044     0.8887     0.1011     0.0743     1.0000
   3126.9797   -85.9316     0.6101     0.0867     0.0702     1.0000
   3127.0059   -83.4204     0.6037     0.0871     0.0667     1.0000
   3127.0320   -80.9189     0.4467     0.0868     0.0563     1.0000
   3127.0581   -78.4173     0.4510     0.0856     0.0628     1.0000
   3127.0842   -75.9157     0.4365     0.0832     0.0701     1.0000
   3127.1101   -73.4334     0.2183     0.0751     0.0578     1.0000
   3127.1362   -70.9318     0.2294     0.0714     0.0475     1.0000
   3127.1624   -68.4206     0.1774     0.0673     0.0471     1.0000
   3127.1885   -65.9191     0.1545     0.0691     0.0580     1.0000
   3127.2146   -63.4175    -0.0124     0.0633     0.0484     1.0000
   3127.2407   -60.9159    -0.0829     0.0598     0.0389     1.0000
   3127.2666   -58.4336    -0.0424     0.0591     0.0427     1.0000
   3127.2927   -55.9320     0.0210     0.0592     0.0496     1.0000
   3127.3189   -53.4208     0.0208     0.0610     0.0468     1.0000
   3127.3450   -50.9193     0.0450     0.0616     0.0403     1.0000
   3127.3711   -48.4177     0.1118     0.0646     0.0453     1.0000
   3127.3970   -45.9353     0.2461     0.0710     0.0592     1.0000
   3127.4231   -43.4338     0.0610     0.0608     0.0461     1.0000
   3127.4492   -40.9322     0.0440     0.0591     0.0381     1.0000
   3127.4753   -38.4306     0.0617     0.0585     0.0427     1.0000
   3127.5015   -35.9195    -0.0181     0.0556     0.0464     1.0000
   3127.5276   -33.4179     0.1120     0.0648     0.0499     1.0000
   3127.5535   -30.9355     0.1037     0.0647     0.0424     1.0000
   3127.5796   -28.4340     0.1104     0.0625     0.0439     1.0000
   3127.6057   -25.9324     0.2037     0.0693     0.0569     1.0000
   3127.6318   -23.4308     0.0212     0.0584     0.0449     1.0000
   3127.6580   -20.9197     0.1378     0.0637     0.0412     1.0000
   3127.6841   -18.4181     0.1828     0.0669     0.0495     1.0000
   3127.7100   -15.9357     0.0428     0.0589     0.0493     1.0000
   3127.7361   -13.4342    -0.0110     0.0560     0.0426     1.0000
   3127.7622   -10.9326     0.0035     0.0551     0.0360     1.0000
   3127.7883    -8.4310     0.0539     0.0556     0.0389     1.0000
   3127.8144    -5.9295     0.0272     0.0566     0.0458     1.0000
   3127.8406    -3.4183     0.1250     0.0636     0.0509     1.0000
   3127.8665    -0.9359     0.2059     0.0644     0.0437     1.0000
   3127.8926     1.5656     0.1663     0.0630     0.0429     1.0000
   3127.9187     4.0672     0.1005     0.0638     0.0528     1.0000
   3127.9448     6.5688     0.0580     0.0571     0.0446     1.0000
   3127.9709     9.0703     0.0122     0.0554     0.0378     1.0000
   3127.9971    11.5815     0.0105     0.0558     0.0368     1.0000
   3128.0230    14.0639     0.1160     0.0642     0.0530     1.0000
   3128.0491    16.5654     0.0190     0.0563     0.0450     1.0000
   3128.0752    19.0670     0.0788     0.0550     0.0386     1.0000
   3128.1013    21.5686     0.0995     0.0597     0.0400     1.0000
   3128.1274    24.0701     0.0634     0.0609     0.0477     1.0000
   3128.1536    26.5813     0.0969     0.0602     0.0496     1.0000
   3128.1794    29.0541     0.0855     0.0557     0.0381     1.0000
   3128.2056    31.5653     0.1654     0.0586     0.0386     1.0000
   3128.2317    34.0668     0.2753     0.0653     0.0532     1.0000
   3128.2578    36.5684     0.0807     0.0600     0.0501     1.0000
   3128.2839    39.0699     0.0565     0.0558     0.0402     1.0000
   3128.3101    41.5811     0.0987     0.0582     0.0376     1.0000
   3128.3362    44.0827     0.1510     0.0635     0.0510     1.0000
   3128.3621    46.5651    -0.0033     0.0579     0.0489     1.0000
   3128.3882    49.0666    -0.0159     0.0563     0.0414     1.0000
   3128.4143    51.5682    -0.1196     0.0565     0.0370     1.0000
   3128.4404    54.0697    -0.0669     0.0568     0.0443     1.0000
   3128.4666    56.5809    -0.0421     0.0511     0.0428     1.0000
   3128.4927    59.0825     0.0694     0.0608     0.0455     1.0000
   3128.5188    61.5840     0.1758     0.0630     0.0417     1.0000
   3128.5447    64.0664     0.1213     0.0602     0.0449     1.0000
   3128.5708    66.5680     0.0927     0.0598     0.0498     1.0000
   3128.5969    69.0695     0.0625     0.0568     0.0436     1.0000
   3128.6231    71.5807     0.0700     0.0573     0.0388     1.0000
   3128.6492    74.0823     0.1099     0.0588     0.0404     1.0000
   3128.6753    76.5838     0.2306     0.0702     0.0570     1.0000
   3128.7014    79.0854     0.4183     0.0803     0.0642     1.0000
   3128.7275    81.5869     0.5672     0.0871     0.0610     1.0000
   3128.7534    84.0693     0.7845     0.1007     0.0692     1.0000
   3128.7795    86.5709     0.9191     0.1110     0.0843     1.0000
   3128.8057    89.0821     1.1376     0.1190     0.0998     1.0000
   3128.8318    91.5836     0.9290     0.1015     0.0735     1.0000
   3128.8579    94.0852     0.7653     0.0953     0.0639     1.0000
   3128.8840    96.5867     0.6418     0.0906     0.0717     1.0000
   3128.9102    99.0979     0.9045     0.1030     0.0862     1.0000
   3128.9360   101.5707     1.0113     0.1092     0.0798     1.0000
   3128.9622   104.0819     1.1095     0.1131     0.0769     1.0000
   3128.9883   106.5834     0.9621     0.1051     0.0801     1.0000
   3129.0144   109.0850     1.0195     0.1062     0.0894     1.0000
   3129.0405   111.5865     0.8133     0.0949     0.0702     1.0000
   3129.0667   114.0977     0.8808     0.1005     0.0671     1.0000
   3129.0928   116.5993     1.0537     0.1107     0.0828     1.0000
   3129.1189   119.1008     1.0144     0.1070     0.0883     1.0000
   3129.1450   121.6024     0.8973     0.1020     0.0789     1.0000
   3129.1709   124.0848     0.8769     0.1036     0.0720     1.0000
   3129.1970   126.5864     0.9884     0.1076     0.0753     1.0000
   3129.2231   129.0879     1.0449     0.1089     0.0880     1.0000
   3129.2493   131.5991     0.9515     0.1056     0.0847     1.0000
   3129.2754   134.1006     0.9883     0.1086     0.0795     1.0000
   3129.3015   136.6022     0.8958     0.1029     0.0694     1.0000
   3129.3276   139.1038     0.9153     0.1019     0.0798     1.0000
   3129.3538   141.6149     0.9692     0.1047     0.0867     1.0000
   3129.3796   144.0877     0.9311     0.1289     0.0806     1.0000
   3129.4058   146.5989     0.8877     0.0992     0.0669     1.0000
   3129.4319   149.1004     1.1365     0.1122     0.0874     1.0000
   3129.4580   151.6020     0.9409     0.1043     0.0859     1.0000
   3129.4841   154.1036     1.0760     0.1076     0.0820     1.0000
   3129.5102   156.6051     1.0438     0.1068     0.0733     1.0000
   3129.5364   159.1163     0.9246     0.1020     0.0736     1.0000
   3129.5625   161.6178     0.8984     0.1024     0.0823     1.0000
   3129.5886   164.1194     0.9813     0.1056     0.0839     1.0000
   3129.6148   166.6305     0.9480     0.1044     0.0751     1.0000
   3129.6406   169.1034     0.9291     0.1030     0.0707     1.0000
   3129.6667   171.6049     0.9860     0.1078     0.0864     1.0000
   3129.6929   174.1161     0.9941     0.1045     0.0843     1.0000
   3129.7190   176.6176     1.0740     0.1092     0.0808     1.0000
   3129.7451   179.1192     1.0343     0.1068     0.0723     1.0000
   3129.7712   181.6208     1.0593     0.1090     0.0861     1.0000
   3129.7974   184.1319     1.2526     0.1168     0.0967     1.0000
   3129.8235   186.6335     0.9360     0.1016     0.0763     1.0000
   3129.8496   189.1350     0.8237     0.0947     0.0642     1.0000
   3129.8757   191.6366     0.9839     0.1029     0.0760     1.0000
   3129.9016   194.1190     0.9197     0.1027     0.0827     1.0000
   3129.9277   196.6206     0.7947     0.0979     0.0768     1.0000
   3129.9539   199.1317     0.9397     0.1054     0.0736     1.0000
   3129.9800   201.6333     0.9799     0.1075     0.0773     1.0000
   3130.0061   204.1348     0.8565     0.0994     0.0794     1.0000
   3130.0322   206.6364     1.1615     0.1095     0.0892     1.0000
   3130.0583   209.1380     0.9024     0.1075     0.0753     1.0000
   3130.0845   211.6491     0.8070     0.0945     0.0636     1.0000
   3130.1106   214.1507     1.0525     0.1050     0.0816     1.0000
   3130.1367   216.6522     1.0180     0.1062     0.0856     1.0000
   3130.1628   219.1538     1.2046     0.1157     0.0914     1.0000
   3130.1887   221.6362     1.1665     0.1260     0.0882     1.0000
   3130.2148   224.1378     0.8532     0.1012     0.0725     1.0000
   3130.2410   226.6489     1.0759     0.1218     0.1016     1.0000
   3130.2671   229.1505     0.9259     0.0997     0.0798     1.0000
   3130.2932   231.6520     0.9467     0.1016     0.0762     1.0000
   3130.3193   234.1536     0.8877     0.0989     0.0674     1.0000
   3130.3455   236.6648     0.9922     0.1046     0.0815     1.0000
   3130.3716   239.1663     1.3133     0.1199     0.0986     1.0000
   3130.3977   241.6679     1.2133     0.1278     0.0897     1.0000
   3130.4238   244.1695     0.9995     0.1034     0.0729     1.0000
   3130.4500   246.6806     0.8018     0.0941     0.0693     1.0000
   3130.4761   249.1822     0.8197     0.0929     0.0737     1.0000
   3130.5022   251.6837     1.0022     0.1014     0.0812     1.0000
   3130.5281   254.1661     0.9847     0.1046     0.0774     1.0000
   3130.5542   256.6677     1.0761     0.1079     0.0746     1.0000
   3130.5803   259.1693     1.1696     0.1130     0.0924     1.0000
   3130.6065   261.6804     0.8292     0.0949     0.0738     1.0000
   3130.6326   264.1820     1.0256     0.1014     0.0776     1.0000
   3130.6587   266.6835     0.9835     0.1004     0.0688     1.0000
   3130.6848   269.1851     1.0128     0.1031     0.0791     1.0000
   3130.7109   271.6867     0.8638     0.0969     0.0781     1.0000
   3130.7371   274.1978     1.0977     0.1058     0.0830     1.0000
   3130.7632   276.6994     1.0436     0.1046     0.0750     1.0000
   3130.7893   279.2009     0.9879     0.1014     0.0725     1.0000
   3130.8154   281.7025     0.9492     0.0998     0.0790     1.0000
   3130.8416   284.2136     1.0557     0.1061     0.0845     1.0000
   3130.8677   286.7152     0.9602     0.1046     0.0790     1.0000
   3130.8938   289.2168     0.8914     0.0955     0.0657     1.0000
   3130.9199   291.7183     0.9595     0.0972     0.0744     1.0000
   3130.9458   294.2007     0.9811     0.0985     0.0799     1.0000
   3130.9719   296.7023     1.0204     0.0993     0.0771     1.0000
   3130.9981   299.2134     0.9865     0.0955     0.0673     1.0000
   3131.0242   301.7150     0.9005     0.0934     0.0674     1.0000
   3131.0503   304.2166     0.8749     0.0950     0.0764     1.0000
   3131.0764   306.7181     0.8965     0.0953     0.0755     1.0000
   3131.1025   309.2197     1.0138     0.1141     0.0840     1.0000
   3131.1287   311.7309     0.8742     0.0974     0.0683     1.0000
   3131.1548   314.2324     0.9479     0.0990     0.0747     1.0000
   3131.1809   316.7340     0.9105     0.0982     0.0774     1.0000
   3131.2070   319.2355     1.1171     0.1111     0.0885     1.0000
   3131.2332   321.7467     1.1817     0.1149     0.0846     1.0000
   3131.2593   324.2483     1.2525     0.1145     0.0818     1.0000
   3131.2854   326.7498     1.2125     0.1106     0.0885     1.0000
   3131.3115   329.2514     1.0738     0.1061     0.0843     1.0000
   3131.3376   331.7529     1.2475     0.1121     0.0855     1.0000
   3131.3638   334.2641     1.0334     0.1031     0.0710     1.0000
   3131.3899   336.7657     1.0892     0.1049     0.0783     1.0000
   3131.4160   339.2672     0.9603     0.1008     0.0783     1.0000
   3131.4421   341.7688     1.0343     0.1196     0.0957     1.0000
   3131.4680   344.2512     0.9884     0.1111     0.0794     1.0000
   3131.4941   346.7527     0.9603     0.0988     0.0709     1.0000
   3131.5203   349.2639     0.7910     0.0891     0.0700     1.0000
   3131.5464   351.7655     0.9347     0.0982     0.0792     1.0000
   3131.5725   354.2670     1.0183     0.1030     0.0797     1.0000
   3131.5986   356.7686     1.0710     0.1027     0.0741     1.0000
   3131.6248   359.2797     1.1654     0.1078     0.0788     1.0000
   3131.6509   361.7813     1.1282     0.1076     0.0860     1.0000
   3131.6770   364.2829     1.2503     0.1121     0.0883     1.0000
   3131.7031   366.7844     1.0550     0.1047     0.0764     1.0000
   3131.7292   369.2860     1.0573     0.1039     0.0755     1.0000
   3131.7554   371.7971     1.0037     0.0997     0.0750     1.0000
   3131.7815   374.2987     1.0290     0.1006     0.0807     1.0000
   3131.8076   376.8003     0.8192     0.0909     0.0697     1.0000
   3131.8337   379.3018     0.9756     0.1000     0.0756     1.0000
   3131.8599   381.8130     0.8299     0.0953     0.0671     1.0000
   3131.8860   384.3146     0.8533     0.0955     0.0766     1.0000
   3131.9121   386.8161     0.9541     0.0966     0.0773     1.0000
   3131.9382   389.3177     0.8525     0.0924     0.0700     1.0000
   3131.9644   391.8288     0.7984     0.0919     0.0672     1.0000
   3131.9905   394.3304     0.9200     0.0967     0.0701     1.0000
   3132.0166   396.8320     1.0555     0.1046     0.0831     1.0000
   3132.0427   399.3335     1.0539     0.1072     0.0838     1.0000
   3132.0689   401.8447     1.1930     0.1226     0.0882     1.0000
   3132.0950   404.3462     1.0091     0.1094     0.0802     1.0000
   3132.1211   406.8478     0.9143     0.0997     0.0748     1.0000
   3132.1472   409.3494     0.8541     0.0956     0.0766     1.0000
   3132.1733   411.8509     0.8740     0.0964     0.0747     1.0000
   3132.1995   414.3621     0.7745     0.0909     0.0657     1.0000
   3132.2256   416.8636     0.9127     0.0960     0.0695     1.0000
   3132.2517   419.3652     0.9581     0.0974     0.0755     1.0000
   3132.2778   421.8668     1.1439     0.1062     0.0860     1.0000
   3132.3040   424.3779     1.0568     0.1017     0.0772     1.0000
   3132.3301   426.8795     1.1184     0.1088     0.0845     1.0000
   3132.3562   429.3810     0.9979     0.1023     0.0729     1.0000
   3132.3823   431.8826     0.9993     0.1025     0.0799     1.0000
   3132.4084   434.3842     0.8894     0.1187     0.0973     1.0000
   3132.4346   436.8953     1.0559     0.1352     0.1006     1.0000
   3132.4607   439.3969     1.0378     0.1174     0.0825     1.0000
   3132.4868   441.8984     1.0717     0.1022     0.0755     1.0000
   3132.5129   444.4000     1.0251     0.0999     0.0782     1.0000
   3132.5391   446.9112     1.1150     0.1050     0.0808     1.0000
   3132.5652   449.4127     1.0880     0.1060     0.0829     1.0000
   3132.5913   451.9143     0.9513     0.0976     0.0718     1.0000
   3132.6174   454.4159     0.9690     0.1000     0.0753     1.0000
   3132.6435   456.9174     1.0289     0.1012     0.0802     1.0000
   3132.6697   459.4286     0.9947     0.0984     0.0753     1.0000
   3132.6958   461.9301     0.9696     0.0945     0.0709     1.0000
   3132.7219   464.4317     1.2663     0.1076     0.0800     1.0000
   3132.7481   466.9428     1.2273     0.1061     0.0812     1.0000
   3132.7742   469.4444     1.0990     0.1026     0.0827     1.0000
   3132.8003   471.9460     0.9979     0.0984     0.0749     1.0000
   3132.8264   474.4475     0.8311     0.0885     0.0650     1.0000
   3132.8525   476.9491     0.9718     0.0943     0.0693     1.0000
   3132.8787   479.4602     1.0511     0.0990     0.0772     1.0000
   3132.9048   481.9618     0.9379     0.0953     0.0748     1.0000
   3132.9309   484.4634     1.0513     0.1010     0.0777     1.0000
   3132.9570   486.9649     0.8309     0.0901     0.0671     1.0000
   3132.9832   489.4761     0.8610     0.0913     0.0665     1.0000
   3133.0093   491.9777     0.9266     0.1036     0.0828     1.0000
   3133.0354   494.4792     0.9710     0.0961     0.0773     1.0000
   3133.0615   496.9808     1.1151     0.1018     0.0781     1.0000
   3133.0876   499.4823     0.9368     0.0966     0.0727     1.0000
   3133.1138   501.9935     1.0121     0.0973     0.0715     1.0000
   3133.1399   504.4951     0.9575     0.0976     0.0779     1.0000
   3133.1660   506.9966     0.9290     0.0969     0.0761     1.0000
   3133.1921   509.4982     1.0001     0.0983     0.0740     1.0000
   3133.2183   512.0093     1.0636     0.1003     0.0745     1.0000
   3133.2444   514.5109     1.0259     0.0978     0.0723     1.0000
   3133.2705   517.0125     0.9245     0.0951     0.0761     1.0000
   3133.2966   519.5140     1.1004     0.1033     0.0815     1.0000
   3133.3227   522.0156     1.2255     0.1075     0.0831     1.0000
   3133.3489   524.5267     1.0055     0.1020     0.0796     1.0000
   3133.3750   527.0283     1.0058     0.1001     0.0733     1.0000
   3133.4011   529.5299     1.1125     0.1032     0.0820     1.0000
   3133.4273   532.0410     0.9935     0.0997     0.0773     1.0000
   3133.4534   534.5426     0.8631     0.0946     0.0722     1.0000
   3133.4795   537.0441     0.8676     0.0945     0.0719     1.0000
   3133.5056   539.5457     0.9416     0.0974     0.0723     1.0000
   3133.5317   542.0473     0.9836     0.0966     0.0757     1.0000
   3133.5579   544.5584     0.9936     0.0975     0.0744     1.0000
   3133.5840   547.0600     1.3735     0.1295     0.0984     1.0000
   3133.6101   549.5616     1.0743     0.1012     0.0775     1.0000
   3133.6362   552.0631     1.0758     0.1026     0.0767     1.0000
   3133.6624   554.5743     1.0592     0.1022     0.0810     1.0000
   3133.6885   557.0758     0.9726     0.0990     0.0757     1.0000
   3133.7146   559.5774     0.9709     0.1007     0.0774     1.0000
   3133.7407   562.0790     0.8060     0.0933     0.0702     1.0000
   3133.7671   564.6093     1.0492     0.1025     0.0783     1.0000
   3133.7932   567.1108     1.1013     0.1151     0.0900     1.0000
   3133.8193   569.6124     0.9397     0.1073     0.0799     1.0000
   3133.8455   572.1236     1.1347     0.1049     0.0809     1.0000
   3133.8716   574.6251     1.0543     0.0977     0.0712     1.0000
   3133.8977   577.1267     1.1843     0.1069     0.0811     1.0000
   3133.9238   579.6282     1.0588     0.1032     0.0818     1.0000
   3133.9500   582.1394     1.0850     0.1038     0.0809     1.0000
   3133.9761   584.6410     1.0314     0.1034     0.0779     1.0000
   3134.0022   587.1425     0.9306     0.0968     0.0735     1.0000
   3134.0283   589.6441     0.9426     0.0968     0.0716     1.0000
   3134.0544   592.1457     1.0426     0.1004     0.0819     1.0000
   3134.0806   594.6568     0.7589     0.0866     0.0664     1.0000
   3134.1067   597.1584     0.9555     0.0970     0.0723     1.0000
   3134.1328   599.6599     1.0045     0.1054     0.0817     1.0000
   3134.1589   602.1615     0.9295     0.0951     0.0705     1.0000
   3134.1851   604.6726     0.9657     0.0987     0.0784     1.0000
