   3737.7119  -592.2561     0.9639     0.0255     0.0197     1.0000
   3737.7432  -589.7506     0.9600     0.0254     0.0183     1.0000
   3737.7742  -587.2690     0.9753     0.0258     0.0184     1.0000
   3737.8054  -584.7715     0.9622     0.0256     0.0201     1.0000
   3737.8367  -582.2660     1.0006     0.0260     0.0216     1.0000
   3737.8677  -579.7845     1.0003     0.0260     0.0211     1.0000
   3737.8989  -577.2869     0.9949     0.0260     0.0202     1.0000
   3737.9302  -574.7814     0.9988     0.0260     0.0184     1.0000
   3737.9612  -572.2999     1.0112     0.0261     0.0188     1.0000
   3737.9924  -569.8023     0.9996     0.0258     0.0209     1.0000
   3738.0237  -567.2968     0.9664     0.0255     0.0213     1.0000
   3738.0547  -564.8153     0.9705     0.0255     0.0206     1.0000
   3738.0859  -562.3178     0.9848     0.0256     0.0197     1.0000
   3738.1172  -559.8122     0.9845     0.0258     0.0182     1.0000
   3738.1484  -557.3147     1.0000     0.0260     0.0187     1.0000
   3738.1794  -554.8332     1.0077     0.0260     0.0212     1.0000
   3738.2107  -552.3276     0.9679     0.0256     0.0215     1.0000
   3738.2419  -549.8301     0.9665     0.0256     0.0206     1.0000
   3738.2730  -547.3406     0.9555     0.0254     0.0193     1.0000
   3738.3042  -544.8431     0.9797     0.0258     0.0181     1.0000
   3738.3355  -542.3375     0.9944     0.0262     0.0191     1.0000
   3738.3665  -539.8560     0.9970     0.0263     0.0216     1.0000
   3738.3977  -537.3585     0.9742     0.0260     0.0217     1.0000
   3738.4290  -534.8529     1.0096     0.0265     0.0212     1.0000
   3738.4600  -532.3714     1.0063     0.0265     0.0201     1.0000
   3738.4912  -529.8739     0.9944     0.0265     0.0186     1.0000
   3738.5225  -527.3684     0.9897     0.0263     0.0192     1.0000
   3738.5537  -524.8708     0.9808     0.0262     0.0216     1.0000
   3738.5847  -522.3893     1.0388     0.0272     0.0230     1.0000
   3738.6160  -519.8838     1.0080     0.0268     0.0215     1.0000
   3738.6472  -517.3862     0.9616     0.0261     0.0197     1.0000
   3738.6782  -514.9047     0.9936     0.0265     0.0186     1.0000
   3738.7095  -512.3992     1.0006     0.0265     0.0193     1.0000
   3738.7407  -509.9017     0.9590     0.0260     0.0213     1.0000
   3738.7717  -507.4201     0.9807     0.0264     0.0224     1.0000
   3738.8030  -504.9146     0.9907     0.0266     0.0214     1.0000
   3738.8342  -502.4171     0.9790     0.0263     0.0199     1.0000
   3738.8655  -499.9115     0.9608     0.0259     0.0182     1.0000
   3738.8965  -497.4300     1.0032     0.0298     0.0199     1.0000
   3738.9277  -494.9325     1.0177     0.0287     0.0240     1.0000
   3738.9590  -492.4270     0.9807     0.0282     0.0244     1.0000
   3738.9900  -489.9454     0.9983     0.0285     0.0231     1.0000
   3739.0212  -487.4479     1.0021     0.0308     0.0218     1.0000
   3739.0525  -484.9424     1.0384     0.0307     0.0209     1.0000
   3739.0837  -482.4448     1.0144     0.0269     0.0192     1.0000
   3739.1148  -479.9553     0.9815     0.0262     0.0209     1.0000
   3739.1460  -477.4578     1.0024     0.0262     0.0222     1.0000
   3739.1773  -474.9522     0.9723     0.0260     0.0212     1.0000
   3739.2083  -472.4707     1.0042     0.0265     0.0207     1.0000
   3739.2395  -469.9732     1.0053     0.0267     0.0192     1.0000
   3739.2708  -467.4677     1.0057     0.0267     0.0187     1.0000
   3739.3020  -464.9701     1.0175     0.0269     0.0208     1.0000
   3739.3330  -462.4886     1.0161     0.0271     0.0228     1.0000
   3739.3643  -459.9831     0.9848     0.0266     0.0219     1.0000
   3739.3955  -457.4856     0.9807     0.0266     0.0210     1.0000
   3739.4265  -455.0040     1.0195     0.0271     0.0200     1.0000
   3739.4578  -452.4985     1.0445     0.0275     0.0192     1.0000
   3739.4890  -450.0010     1.0270     0.0274     0.0204     1.0000
   3739.5203  -447.4954     1.0118     0.0273     0.0229     1.0000
   3739.5513  -445.0139     0.9970     0.0270     0.0228     1.0000
   3739.5825  -442.5164     1.0154     0.0271     0.0218     1.0000
   3739.6138  -440.0108     0.9609     0.0265     0.0200     1.0000
   3739.6450  -437.5133     0.9618     0.0265     0.0186     1.0000
   3739.6760  -435.0318     0.9917     0.0270     0.0195     1.0000
   3739.7073  -432.5263     1.0100     0.0272     0.0220     1.0000
   3739.7385  -430.0287     1.0188     0.0272     0.0232     1.0000
   3739.7698  -427.5232     1.0324     0.0277     0.0227     1.0000
   3739.8008  -425.0417     1.0241     0.0296     0.0222     1.0000
   3739.8320  -422.5442     1.0086     0.0274     0.0197     1.0000
   3739.8633  -420.0386     0.9986     0.0273     0.0191     1.0000
   3739.8943  -417.5571     1.0333     0.0278     0.0214     1.0000
   3739.9255  -415.0596     0.9969     0.0271     0.0226     1.0000
   3739.9568  -412.5540     1.0069     0.0291     0.0243     1.0000
   3739.9880  -410.0565     1.0452     0.0279     0.0223     1.0000
   3740.0190  -407.5750     1.0530     0.0279     0.0208     1.0000
   3740.0503  -405.0694     1.0246     0.0274     0.0191     1.0000
   3740.0815  -402.5719     1.0068     0.0271     0.0196     1.0000
   3740.1128  -400.0664     1.0240     0.0274     0.0224     1.0000
   3740.1438  -397.5849     0.9703     0.0267     0.0226     1.0000
   3740.1750  -395.0873     0.9694     0.0268     0.0221     1.0000
   3740.2063  -392.5818     0.9895     0.0269     0.0212     1.0000
   3740.2375  -390.0843     1.0068     0.0274     0.0197     1.0000
   3740.2685  -387.6027     1.0186     0.0278     0.0195     1.0000
   3740.2998  -385.0972     1.0003     0.0274     0.0210     1.0000
   3740.3310  -382.5997     0.9865     0.0270     0.0229     1.0000
   3740.3623  -380.0942     1.0113     0.0271     0.0229     1.0000
   3740.3933  -377.6126     1.0132     0.0271     0.0219     1.0000
   3740.4246  -375.1071     1.0223     0.0275     0.0209     1.0000
   3740.4558  -372.6096     1.0171     0.0276     0.0195     1.0000
   3740.4871  -370.1040     0.9953     0.0275     0.0195     1.0000
   3740.5183  -367.6065     1.0072     0.0278     0.0223     1.0000
   3740.5493  -365.1250     1.0038     0.0276     0.0236     1.0000
   3740.5806  -362.6194     0.9988     0.0274     0.0227     1.0000
   3740.6118  -360.1219     1.0108     0.0277     0.0219     1.0000
   3740.6431  -357.6164     0.9823     0.0293     0.0215     1.0000
   3740.6741  -355.1349     0.9784     0.0270     0.0189     1.0000
   3740.7053  -352.6373     1.0299     0.0277     0.0202     1.0000
   3740.7366  -350.1318     1.0584     0.0283     0.0234     1.0000
   3740.7678  -347.6343     1.0051     0.0277     0.0236     1.0000
   3740.7988  -345.1528     1.0197     0.0278     0.0230     1.0000
   3740.8301  -342.6472     1.0390     0.0279     0.0219     1.0000
   3740.8613  -340.1497     1.0265     0.0275     0.0198     1.0000
   3740.8926  -337.6442     1.0054     0.0272     0.0190     1.0000
   3740.9238  -335.1466     0.9931     0.0271     0.0204     1.0000
   3740.9548  -332.6651     0.9996     0.0270     0.0224     1.0000
   3740.9861  -330.1596     1.0251     0.0268     0.0227     1.0000
   3741.0173  -327.6620     0.9647     0.0264     0.0214     1.0000
   3741.0486  -325.1565     1.0042     0.0270     0.0210     1.0000
   3741.0796  -322.6750     1.0072     0.0265     0.0189     1.0000
   3741.1108  -320.1775     1.0070     0.0264     0.0185     1.0000
   3741.1421  -317.6719     0.9914     0.0262     0.0201     1.0000
   3741.1733  -315.1744     0.9815     0.0263     0.0220     1.0000
   3741.2046  -312.6689     0.9724     0.0263     0.0219     1.0000
   3741.2356  -310.1873     0.9724     0.0265     0.0218     1.0000
   3741.2668  -307.6898     0.9572     0.0263     0.0201     1.0000
   3741.2981  -305.1843     0.9785     0.0265     0.0187     1.0000
   3741.3293  -302.6867     0.9969     0.0268     0.0191     1.0000
   3741.3606  -300.1812     0.9997     0.0272     0.0209     1.0000
   3741.3916  -297.6997     0.9789     0.0270     0.0225     1.0000
   3741.4228  -295.2022     1.0051     0.0269     0.0228     1.0000
   3741.4541  -292.6966     0.9980     0.0273     0.0223     1.0000
   3741.4853  -290.1991     1.0102     0.0276     0.0210     1.0000
   3741.5166  -287.6936     1.0152     0.0277     0.0198     1.0000
   3741.5476  -285.2120     1.0087     0.0272     0.0195     1.0000
   3741.5789  -282.7065     0.9783     0.0270     0.0203     1.0000
   3741.6101  -280.2090     0.9904     0.0271     0.0225     1.0000
   3741.6414  -277.7034     1.0431     0.0277     0.0234     1.0000
   3741.6726  -275.2059     1.0339     0.0276     0.0224     1.0000
   3741.7036  -272.7244     1.0141     0.0274     0.0215     1.0000
   3741.7349  -270.2189     1.0075     0.0273     0.0198     1.0000
   3741.7661  -267.7213     1.0222     0.0276     0.0191     1.0000
   3741.7974  -265.2158     1.0428     0.0275     0.0208     1.0000
   3741.8286  -262.7183     1.0218     0.0275     0.0227     1.0000
   3741.8596  -260.2367     1.0343     0.0270     0.0224     1.0000
   3741.8909  -257.7312     1.0258     0.0268     0.0221     1.0000
   3741.9221  -255.2337     1.0201     0.0269     0.0213     1.0000
   3741.9534  -252.7281     1.0060     0.0266     0.0191     1.0000
   3741.9846  -250.2306     1.0060     0.0266     0.0186     1.0000
   3742.0156  -247.7491     1.0435     0.0268     0.0199     1.0000
   3742.0469  -245.2436     1.0621     0.0271     0.0216     1.0000
   3742.0781  -242.7460     1.0022     0.0268     0.0225     1.0000
   3742.1094  -240.2405     1.0056     0.0268     0.0226     1.0000
   3742.1406  -237.7430     1.0161     0.0268     0.0212     1.0000
   3742.1719  -235.2374     1.0157     0.0268     0.0199     1.0000
   3742.2029  -232.7559     1.0057     0.0271     0.0194     1.0000
   3742.2341  -230.2584     1.0124     0.0268     0.0189     1.0000
   3742.2654  -227.7528     0.9977     0.0265     0.0204     1.0000
   3742.2966  -225.2553     0.9825     0.0257     0.0216     1.0000
   3742.3279  -222.7498     0.9880     0.0264     0.0219     1.0000
   3742.3589  -220.2683     1.0541     0.0287     0.0228     1.0000
   3742.3901  -217.7707     0.9985     0.0260     0.0203     1.0000
   3742.4214  -215.2652     0.9952     0.0259     0.0186     1.0000
   3742.4526  -212.7677     0.9819     0.0254     0.0177     1.0000
   3742.4839  -210.2621     0.9980     0.0259     0.0196     1.0000
   3742.5151  -207.7646     1.0233     0.0256     0.0203     1.0000
   3742.5461  -205.2831     1.0104     0.0260     0.0212     1.0000
   3742.5774  -202.7776     1.0278     0.0260     0.0219     1.0000
   3742.6086  -200.2800     1.0449     0.0261     0.0206     1.0000
   3742.6399  -197.7745     1.0521     0.0266     0.0195     1.0000
   3742.6711  -195.2770     1.0094     0.0260     0.0188     1.0000
   3742.7024  -192.7714     0.9999     0.0258     0.0185     1.0000
   3742.7334  -190.2899     1.0184     0.0256     0.0193     1.0000
   3742.7647  -187.7844     0.9851     0.0253     0.0209     1.0000
   3742.7959  -185.2868     0.9603     0.0254     0.0211     1.0000
   3742.8272  -182.7813     0.9924     0.0302     0.0218     1.0000
   3742.8584  -180.2838     1.0393     0.0306     0.0254     1.0000
   3742.8897  -177.7782     0.9869     0.0282     0.0199     1.0000
   3742.9209  -175.2807     0.9709     0.0251     0.0172     1.0000
   3742.9519  -172.7992     0.9991     0.0256     0.0192     1.0000
   3742.9832  -170.2937     1.0600     0.0287     0.0224     1.0000
   3743.0144  -167.7961     1.0082     0.0267     0.0216     1.0000
   3743.0457  -165.2906     1.0117     0.0269     0.0224     1.0000
   3743.0769  -162.7931     0.9881     0.0255     0.0211     1.0000
   3743.1082  -160.2875     1.0230     0.0260     0.0197     1.0000
   3743.1392  -157.8060     0.9890     0.0254     0.0183     1.0000
   3743.1704  -155.3085     1.0077     0.0258     0.0188     1.0000
   3743.2017  -152.8029     1.0006     0.0253     0.0182     1.0000
   3743.2329  -150.3054     0.9777     0.0250     0.0196     1.0000
   3743.2642  -147.7999     0.9536     0.0255     0.0211     1.0000
   3743.2954  -145.3023     0.9651     0.0251     0.0203     1.0000
   3743.3267  -142.7968     0.9608     0.0254     0.0206     1.0000
   3743.3577  -140.3153     0.9648     0.0249     0.0197     1.0000
   3743.3889  -137.8178     0.9739     0.0244     0.0173     1.0000
   3743.4202  -135.3122     1.0064     0.0271     0.0181     1.0000
   3743.4514  -132.8147     1.0045     0.0254     0.0194     1.0000
   3743.4827  -130.3092     1.0166     0.0250     0.0197     1.0000
   3743.5139  -127.8116     0.9798     0.0255     0.0202     1.0000
   3743.5452  -125.3061     0.9822     0.0248     0.0208     1.0000
   3743.5764  -122.8086     0.9882     0.0251     0.0205     1.0000
   3743.6074  -120.3271     0.9763     0.0263     0.0195     1.0000
   3743.6387  -117.8215     0.9723     0.0262     0.0196     1.0000
   3743.6699  -115.3240     1.0143     0.0266     0.0196     1.0000
   3743.7012  -112.8185     1.0157     0.0259     0.0183     1.0000
   3743.7324  -110.3209     1.0155     0.0254     0.0202     1.0000
   3743.7637  -107.8154     1.0016     0.0257     0.0211     1.0000
   3743.7949  -105.3179     0.9651     0.0252     0.0202     1.0000
   3743.8262  -102.8123     0.9881     0.0259     0.0214     1.0000
   3743.8572  -100.3308     1.0282     0.0253     0.0203     1.0000
   3743.8884   -97.8333     1.0305     0.0252     0.0180     1.0000
   3743.9197   -95.3277     1.0317     0.0253     0.0181     1.0000
   3743.9509   -92.8302     0.9938     0.0249     0.0186     1.0000
   3743.9822   -90.3247     0.9806     0.0245     0.0183     1.0000
   3744.0134   -87.8271     0.9740     0.0244     0.0192     1.0000
   3744.0447   -85.3216     0.9472     0.0239     0.0198     1.0000
   3744.0759   -82.8241     0.8461     0.0226     0.0182     1.0000
   3744.1069   -80.3426     0.8311     0.0222     0.0176     1.0000
   3744.1382   -77.8370     0.8462     0.0228     0.0179     1.0000
   3744.1694   -75.3395     0.8194     0.0221     0.0159     1.0000
   3744.2007   -72.8340     0.7901     0.0223     0.0154     1.0000
   3744.2319   -70.3364     0.7914     0.0219     0.0169     1.0000
   3744.2632   -67.8309     0.7351     0.0209     0.0167     1.0000
   3744.2944   -65.3334     0.6384     0.0198     0.0154     1.0000
   3744.3257   -62.8278     0.5417     0.0189     0.0157     1.0000
   3744.3569   -60.3303     0.4658     0.0171     0.0142     1.0000
   3744.3879   -57.8488     0.4678     0.0165     0.0125     1.0000
   3744.4192   -55.3433     0.4247     0.0157     0.0118     1.0000
   3744.4504   -52.8457     0.3240     0.0146     0.0108     1.0000
   3744.4817   -50.3402     0.2577     0.0134     0.0095     1.0000
   3744.5129   -47.8427     0.2400     0.0131     0.0101     1.0000
   3744.5442   -45.3371     0.2176     0.0122     0.0098     1.0000
   3744.5754   -42.8396     0.2263     0.0124     0.0097     1.0000
   3744.6067   -40.3341     0.2772     0.0139     0.0111     1.0000
   3744.6379   -37.8365     0.3740     0.0158     0.0134     1.0000
   3744.6692   -35.3310     0.4181     0.0161     0.0122     1.0000
   3744.7004   -32.8335     0.4222     0.0160     0.0113     1.0000
   3744.7315   -30.3439     0.4479     0.0165     0.0124     1.0000
   3744.7627   -27.8464     0.4441     0.0168     0.0127     1.0000
   3744.7940   -25.3409     0.3785     0.0158     0.0121     1.0000
   3744.8252   -22.8433     0.3141     0.0173     0.0139     1.0000
   3744.8565   -20.3378     0.2527     0.0137     0.0111     1.0000
   3744.8877   -17.8403     0.2150     0.0124     0.0099     1.0000
   3744.9190   -15.3347     0.1647     0.0116     0.0095     1.0000
   3744.9502   -12.8372     0.0901     0.0090     0.0071     1.0000
   3744.9815   -10.3317     0.0807     0.0086     0.0058     1.0000
   3745.0127    -7.8342     0.1565     0.0109     0.0078     1.0000
   3745.0440    -5.3286     0.2534     0.0136     0.0107     1.0000
   3745.0750    -2.8471     0.2747     0.0142     0.0115     1.0000
   3745.1062    -0.3496     0.1649     0.0121     0.0099     1.0000
   3745.1375     2.1560     0.0663     0.0086     0.0069     1.0000
   3745.1687     4.6535     0.0862     0.0090     0.0073     1.0000
   3745.2000     7.1590     0.1061     0.0100     0.0081     1.0000
   3745.2312     9.6566     0.1361     0.0107     0.0085     1.0000
   3745.2625    12.1621     0.1122     0.0102     0.0075     1.0000
   3745.2937    14.6596     0.0817     0.0093     0.0065     1.0000
   3745.3250    17.1652     0.0729     0.0091     0.0070     1.0000
   3745.3562    19.6627     0.1094     0.0101     0.0082     1.0000
   3745.3875    22.1682     0.1818     0.0112     0.0089     1.0000
   3745.4187    24.6658     0.1914     0.0122     0.0098     1.0000
   3745.4500    27.1713     0.1998     0.0128     0.0104     1.0000
   3745.4812    29.6688     0.1733     0.0118     0.0094     1.0000
   3745.5122    32.1503     0.1683     0.0117     0.0094     1.0000
   3745.5435    34.6559     0.1613     0.0113     0.0088     1.0000
   3745.5747    37.1534     0.1480     0.0111     0.0079     1.0000
   3745.6060    39.6589     0.1508     0.0113     0.0080     1.0000
   3745.6372    42.1565     0.2079     0.0126     0.0099     1.0000
   3745.6685    44.6620     0.2948     0.0143     0.0111     1.0000
   3745.6997    47.1595     0.3985     0.0157     0.0122     1.0000
   3745.7310    49.6651     0.4989     0.0175     0.0142     1.0000
   3745.7622    52.1626     0.5723     0.0192     0.0157     1.0000
   3745.7935    54.6681     0.5044     0.0181     0.0142     1.0000
   3745.8247    57.1657     0.4207     0.0166     0.0132     1.0000
   3745.8560    59.6712     0.3546     0.0148     0.0114     1.0000
   3745.8872    62.1687     0.2731     0.0133     0.0091     1.0000
   3745.9185    64.6743     0.2438     0.0126     0.0092     1.0000
   3745.9497    67.1718     0.2753     0.0132     0.0103     1.0000
   3745.9810    69.6773     0.3464     0.0145     0.0107     1.0000
   3746.0122    72.1748     0.5008     0.0174     0.0131     1.0000
   3746.0435    74.6804     0.7005     0.0214     0.0174     1.0000
   3746.0745    77.1619     0.7924     0.0219     0.0174     1.0000
   3746.1057    79.6594     0.8955     0.0231     0.0183     1.0000
   3746.1370    82.1650     0.9479     0.0238     0.0196     1.0000
   3746.1682    84.6625     0.9612     0.0239     0.0184     1.0000
   3746.1995    87.1680     0.9564     0.0237     0.0165     1.0000
   3746.2307    89.6656     0.9545     0.0237     0.0179     1.0000
   3746.2620    92.1711     0.9423     0.0236     0.0184     1.0000
   3746.2932    94.6686     0.9297     0.0234     0.0173     1.0000
   3746.3245    97.1742     0.9102     0.0231     0.0179     1.0000
   3746.3557    99.6717     0.9523     0.0237     0.0191     1.0000
   3746.3870   102.1772     0.9432     0.0236     0.0181     1.0000
   3746.4182   104.6748     0.9394     0.0235     0.0188     1.0000
   3746.4495   107.1803     0.9298     0.0234     0.0197     1.0000
   3746.4807   109.6778     0.9495     0.0237     0.0182     1.0000
   3746.5120   112.1834     0.9818     0.0241     0.0171     1.0000
   3746.5432   114.6809     0.9963     0.0243     0.0186     1.0000
   3746.5745   117.1864     0.9723     0.0242     0.0184     1.0000
   3746.6057   119.6839     0.9608     0.0240     0.0174     1.0000
   3746.6370   122.1895     0.9803     0.0242     0.0191     1.0000
   3746.6682   124.6870     0.9788     0.0242     0.0194     1.0000
   3746.6995   127.1925     0.9593     0.0241     0.0179     1.0000
   3746.7307   129.6901     0.9524     0.0240     0.0189     1.0000
   3746.7620   132.1956     0.9588     0.0240     0.0204     1.0000
   3746.7932   134.6931     1.0093     0.0246     0.0193     1.0000
   3746.8245   137.1987     1.0131     0.0248     0.0182     1.0000
   3746.8557   139.6962     1.0276     0.0250     0.0194     1.0000
   3746.8870   142.2017     1.0068     0.0249     0.0187     1.0000
   3746.9182   144.6993     1.0043     0.0248     0.0177     1.0000
   3746.9495   147.2048     0.9950     0.0246     0.0195     1.0000
   3746.9807   149.7023     0.9854     0.0246     0.0198     1.0000
   3747.0120   152.2079     1.0122     0.0250     0.0182     1.0000
   3747.0432   154.7054     1.0413     0.0253     0.0195     1.0000
   3747.0745   157.2109     1.0108     0.0250     0.0209     1.0000
   3747.1057   159.7085     0.9704     0.0243     0.0193     1.0000
   3747.1370   162.2140     0.9832     0.0246     0.0189     1.0000
   3747.1682   164.7115     1.0127     0.0252     0.0204     1.0000
   3747.1992   167.1930     0.9844     0.0249     0.0188     1.0000
   3747.2305   169.6986     0.9797     0.0249     0.0173     1.0000
   3747.2617   172.1961     0.9876     0.0251     0.0197     1.0000
   3747.2930   174.7016     1.0312     0.0272     0.0210     1.0000
   3747.3242   177.1992     1.0147     0.0271     0.0189     1.0000
   3747.3555   179.7047     0.9808     0.0266     0.0200     1.0000
   3747.3867   182.2022     1.0206     0.0257     0.0211     1.0000
   3747.4180   184.7078     1.0198     0.0252     0.0190     1.0000
   3747.4492   187.2053     1.0578     0.0258     0.0199     1.0000
   3747.4805   189.7108     1.0281     0.0256     0.0217     1.0000
   3747.5117   192.2084     1.0205     0.0256     0.0204     1.0000
   3747.5430   194.7139     0.9694     0.0248     0.0177     1.0000
   3747.5742   197.2114     0.9937     0.0262     0.0204     1.0000
   3747.6055   199.7170     0.9680     0.0248     0.0192     1.0000
   3747.6367   202.2145     0.9739     0.0248     0.0176     1.0000
   3747.6682   204.7360     0.9931     0.0250     0.0192     1.0000
   3747.6995   207.2416     0.9931     0.0248     0.0202     1.0000
   3747.7307   209.7391     0.9969     0.0249     0.0185     1.0000
   3747.7620   212.2446     1.0023     0.0251     0.0183     1.0000
   3747.7932   214.7422     1.0054     0.0250     0.0204     1.0000
   3747.8245   217.2477     1.0082     0.0250     0.0202     1.0000
   3747.8557   219.7452     0.9818     0.0254     0.0194     1.0000
   3747.8870   222.2508     1.0078     0.0264     0.0215     1.0000
   3747.9182   224.7483     1.0209     0.0268     0.0216     1.0000
   3747.9495   227.2538     1.0081     0.0261     0.0183     1.0000
   3747.9807   229.7514     1.0180     0.0255     0.0187     1.0000
   3748.0120   232.2569     1.0003     0.0255     0.0206     1.0000
   3748.0432   234.7544     1.0475     0.0260     0.0198     1.0000
   3748.0745   237.2600     1.0407     0.0260     0.0193     1.0000
   3748.1057   239.7575     0.9854     0.0250     0.0200     1.0000
   3748.1370   242.2630     1.0202     0.0254     0.0198     1.0000
   3748.1682   244.7606     0.9854     0.0251     0.0180     1.0000
   3748.1995   247.2661     1.0026     0.0253     0.0204     1.0000
   3748.2307   249.7636     1.0034     0.0252     0.0213     1.0000
   3748.2620   252.2692     1.0111     0.0252     0.0193     1.0000
   3748.2932   254.7667     0.9845     0.0248     0.0188     1.0000
   3748.3245   257.2722     0.9928     0.0250     0.0203     1.0000
   3748.3557   259.7697     0.9910     0.0249     0.0185     1.0000
   3748.3870   262.2753     1.0044     0.0250     0.0178     1.0000
   3748.4182   264.7728     1.0161     0.0250     0.0200     1.0000
   3748.4495   267.2783     0.9895     0.0249     0.0199     1.0000
   3748.4807   269.7759     0.9899     0.0249     0.0179     1.0000
   3748.5120   272.2814     1.0069     0.0252     0.0191     1.0000
   3748.5432   274.7789     0.9857     0.0247     0.0199     1.0000
   3748.5745   277.2845     0.9645     0.0245     0.0180     1.0000
   3748.6057   279.7820     0.9983     0.0250     0.0185     1.0000
   3748.6370   282.2875     1.0161     0.0253     0.0211     1.0000
   3748.6682   284.7851     1.0018     0.0250     0.0202     1.0000
   3748.6995   287.2906     0.9637     0.0244     0.0180     1.0000
   3748.7307   289.7881     0.9602     0.0245     0.0196     1.0000
   3748.7620   292.2937     0.9918     0.0248     0.0201     1.0000
   3748.7932   294.7912     1.0184     0.0250     0.0179     1.0000
   3748.8247   297.3127     1.0216     0.0250     0.0184     1.0000
   3748.8560   299.8183     0.9894     0.0246     0.0200     1.0000
   3748.8872   302.3158     0.9741     0.0244     0.0186     1.0000
   3748.9185   304.8213     0.9925     0.0247     0.0176     1.0000
   3748.9497   307.3189     0.9826     0.0245     0.0195     1.0000
   3748.9810   309.8244     0.9138     0.0236     0.0186     1.0000
   3749.0122   312.3219     0.9721     0.0242     0.0174     1.0000
   3749.0435   314.8275     0.9600     0.0240     0.0184     1.0000
   3749.0747   317.3250     0.9366     0.0237     0.0198     1.0000
   3749.1060   319.8305     0.9831     0.0243     0.0189     1.0000
   3749.1372   322.3281     0.9793     0.0252     0.0184     1.0000
   3749.1685   324.8336     0.9697     0.0242     0.0200     1.0000
   3749.1997   327.3311     1.0111     0.0247     0.0198     1.0000
   3749.2310   329.8367     0.9778     0.0251     0.0175     1.0000
   3749.2622   332.3342     0.9812     0.0243     0.0187     1.0000
   3749.2935   334.8397     0.9809     0.0243     0.0198     1.0000
   3749.3247   337.3373     0.9618     0.0241     0.0178     1.0000
   3749.3562   339.8588     1.0020     0.0247     0.0183     1.0000
   3749.3875   342.3643     0.9824     0.0245     0.0199     1.0000
   3749.4187   344.8619     1.0361     0.0253     0.0195     1.0000
   3749.4500   347.3674     1.0656     0.0257     0.0180     1.0000
   3749.4812   349.8649     1.0202     0.0251     0.0195     1.0000
   3749.5125   352.3705     1.0337     0.0253     0.0207     1.0000
   3749.5437   354.8680     1.0003     0.0248     0.0184     1.0000
   3749.5750   357.3735     0.9788     0.0246     0.0185     1.0000
   3749.6062   359.8711     1.0072     0.0249     0.0208     1.0000
   3749.6375   362.3766     0.9969     0.0249     0.0197     1.0000
   3749.6687   364.8741     0.9740     0.0245     0.0177     1.0000
   3749.7000   367.3797     0.9902     0.0247     0.0198     1.0000
   3749.7312   369.8772     0.9754     0.0245     0.0200     1.0000
   3749.7625   372.3827     0.9576     0.0242     0.0173     1.0000
   3749.7940   374.9043     0.9781     0.0243     0.0181     1.0000
   3749.8252   377.4018     0.9877     0.0246     0.0204     1.0000
   3749.8565   379.9073     0.9807     0.0243     0.0187     1.0000
   3749.8877   382.4049     1.0074     0.0247     0.0175     1.0000
   3749.9190   384.9104     0.9633     0.0243     0.0191     1.0000
   3749.9502   387.4079     0.9654     0.0243     0.0195     1.0000
   3749.9815   389.9135     0.9918     0.0245     0.0172     1.0000
   3750.0127   392.4110     0.9909     0.0245     0.0181     1.0000
   3750.0440   394.9165     0.9935     0.0245     0.0203     1.0000
   3750.0752   397.4140     0.9663     0.0242     0.0188     1.0000
   3750.1065   399.9196     0.9630     0.0242     0.0176     1.0000
   3750.1377   402.4171     0.9719     0.0242     0.0197     1.0000
   3750.1692   404.9387     0.9590     0.0241     0.0200     1.0000
   3750.2004   407.4362     0.9853     0.0251     0.0178     1.0000
   3750.2317   409.9417     1.0153     0.0254     0.0188     1.0000
   3750.2629   412.4392     0.9784     0.0242     0.0200     1.0000
   3750.2942   414.9448     0.9736     0.0243     0.0186     1.0000
   3750.3254   417.4423     0.9673     0.0243     0.0174     1.0000
   3750.3567   419.9478     0.9775     0.0244     0.0198     1.0000
   3750.3879   422.4454     1.0055     0.0245     0.0204     1.0000
   3750.4192   424.9509     0.9871     0.0244     0.0175     1.0000
   3750.4504   427.4484     0.9909     0.0246     0.0181     1.0000
   3750.4819   429.9700     0.9802     0.0246     0.0201     1.0000
   3750.5132   432.4755     0.9733     0.0244     0.0183     1.0000
   3750.5444   434.9731     0.9763     0.0245     0.0169     1.0000
   3750.5757   437.4786     0.9835     0.0245     0.0193     1.0000
   3750.6069   439.9761     0.9988     0.0246     0.0201     1.0000
   3750.6382   442.4816     0.9792     0.0244     0.0177     1.0000
   3750.6694   444.9792     0.9684     0.0243     0.0181     1.0000
   3750.7007   447.4847     0.9881     0.0246     0.0205     1.0000
   3750.7319   449.9822     0.9869     0.0246     0.0191     1.0000
   3750.7634   452.5038     0.9892     0.0248     0.0177     1.0000
   3750.7947   455.0093     0.9739     0.0246     0.0196     1.0000
   3750.8259   457.5069     0.9887     0.0249     0.0207     1.0000
   3750.8572   460.0124     1.0161     0.0254     0.0187     1.0000
   3750.8884   462.5099     1.0049     0.0253     0.0186     1.0000
   3750.9197   465.0155     0.9849     0.0249     0.0208     1.0000
   3750.9509   467.5130     0.9718     0.0260     0.0202     1.0000
   3750.9822   470.0185     0.9972     0.0251     0.0182     1.0000
   3751.0137   472.5401     1.0116     0.0254     0.0202     1.0000
   3751.0449   475.0376     1.0550     0.0260     0.0217     1.0000
   3751.0762   477.5431     1.0518     0.0259     0.0188     1.0000
   3751.1074   480.0407     1.0173     0.0255     0.0179     1.0000
   3751.1387   482.5462     0.9913     0.0251     0.0203     1.0000
   3751.1699   485.0437     0.9740     0.0248     0.0193     1.0000
   3751.2012   487.5493     1.0153     0.0254     0.0176     1.0000
   3751.2324   490.0468     0.9995     0.0252     0.0189     1.0000
   3751.2639   492.5683     1.0220     0.0253     0.0209     1.0000
   3751.2952   495.0739     1.0231     0.0252     0.0187     1.0000
   3751.3264   497.5714     1.0390     0.0256     0.0183     1.0000
   3751.3577   500.0769     1.0053     0.0254     0.0208     1.0000
   3751.3889   502.5745     0.9942     0.0252     0.0207     1.0000
   3751.4202   505.0800     0.9618     0.0253     0.0177     1.0000
   3751.4514   507.5775     0.9927     0.0258     0.0192     1.0000
   3751.4827   510.0831     0.9940     0.0252     0.0210     1.0000
   3751.5142   512.6046     0.9559     0.0247     0.0189     1.0000
   3751.5454   515.1021     0.9413     0.0245     0.0173     1.0000
   3751.5767   517.6077     0.9779     0.0249     0.0201     1.0000
   3751.6079   520.1052     1.0303     0.0257     0.0215     1.0000
   3751.6392   522.6107     1.0168     0.0256     0.0188     1.0000
   3751.6704   525.1083     0.9889     0.0256     0.0187     1.0000
   3751.7017   527.6138     0.9967     0.0250     0.0213     1.0000
   3751.7332   530.1353     1.0134     0.0251     0.0203     1.0000
   3751.7644   532.6329     1.0295     0.0255     0.0182     1.0000
   3751.7957   535.1384     1.0209     0.0254     0.0195     1.0000
   3751.8269   537.6359     1.0058     0.0252     0.0209     1.0000
   3751.8582   540.1415     1.0145     0.0252     0.0185     1.0000
   3751.8894   542.6390     1.0173     0.0253     0.0174     1.0000
   3751.9209   545.1605     1.0055     0.0250     0.0199     1.0000
   3751.9522   547.6661     0.9807     0.0247     0.0198     1.0000
   3751.9834   550.1636     1.0029     0.0251     0.0172     1.0000
   3752.0147   552.6691     1.0223     0.0254     0.0183     1.0000
   3752.0459   555.1667     0.9991     0.0249     0.0205     1.0000
   3752.0772   557.6722     0.9897     0.0249     0.0190     1.0000
   3752.1084   560.1697     0.9860     0.0250     0.0174     1.0000
   3752.1399   562.6913     0.9897     0.0252     0.0198     1.0000
   3752.1711   565.1888     0.9889     0.0250     0.0208     1.0000
   3752.2024   567.6943     1.0017     0.0254     0.0186     1.0000
   3752.2336   570.1919     1.0315     0.0257     0.0185     1.0000
   3752.2649   572.6974     1.0000     0.0252     0.0208     1.0000
   3752.2961   575.1949     1.0123     0.0254     0.0205     1.0000
   3752.3276   577.7165     0.9957     0.0252     0.0175     1.0000
   3752.3589   580.2220     1.0081     0.0253     0.0190     1.0000
   3752.3901   582.7195     0.9886     0.0249     0.0208     1.0000
   3752.4214   585.2251     1.0309     0.0254     0.0194     1.0000
   3752.4526   587.7226     1.0106     0.0252     0.0178     1.0000
   3752.4839   590.2281     1.0125     0.0251     0.0203     1.0000
   3752.5154   592.7497     1.0296     0.0269     0.0227     1.0000
   3752.5466   595.2472     0.9959     0.0250     0.0186     1.0000
   3752.5779   597.7527     1.0184     0.0253     0.0188     1.0000
   3752.6091   600.2503     1.0047     0.0249     0.0212     1.0000
   3752.6404   602.7558     0.9389     0.0241     0.0200     1.0000
   3752.6719   605.2774     0.9447     0.0242     0.0175     1.0000
