   3672.9492  -592.2372     0.9618     0.0281     0.0224     1.0000
   3672.9800  -589.7282     1.0150     0.0288     0.0225     1.0000
   3673.0105  -587.2437     1.0061     0.0286     0.0202     1.0000
   3673.0413  -584.7347     0.9990     0.0286     0.0209     1.0000
   3673.0718  -582.2502     1.0126     0.0288     0.0225     1.0000
   3673.1025  -579.7493     0.9757     0.0283     0.0228     1.0000
   3673.1331  -577.2566     1.0220     0.0289     0.0217     1.0000
   3673.1636  -574.7721     1.0101     0.0287     0.0206     1.0000
   3673.1943  -572.2713     1.0212     0.0287     0.0217     1.0000
   3673.2249  -569.7786     1.0103     0.0285     0.0227     1.0000
   3673.2556  -567.2777     0.9995     0.0284     0.0227     1.0000
   3673.2861  -564.7932     1.0091     0.0285     0.0205     1.0000
   3673.3169  -562.2842     0.9954     0.0283     0.0207     1.0000
   3673.3474  -559.7997     0.9800     0.0282     0.0218     1.0000
   3673.3782  -557.2907     1.0081     0.0286     0.0230     1.0000
   3673.4087  -554.8061     1.0527     0.0293     0.0227     1.0000
   3673.4394  -552.3053     1.0393     0.0291     0.0207     1.0000
   3673.4700  -549.8126     1.0236     0.0286     0.0212     1.0000
   3673.5007  -547.3118     1.0246     0.0285     0.0221     1.0000
   3673.5312  -544.8272     1.0032     0.0283     0.0229     1.0000
   3673.5620  -542.3182     1.0032     0.0283     0.0213     1.0000
   3673.5925  -539.8337     0.9939     0.0283     0.0200     1.0000
   3673.6233  -537.3247     1.0168     0.0287     0.0216     1.0000
   3673.6538  -534.8402     1.0167     0.0286     0.0227     1.0000
   3673.6843  -532.3556     0.9886     0.0281     0.0224     1.0000
   3673.7151  -529.8466     1.0005     0.0284     0.0207     1.0000
   3673.7456  -527.3621     0.9717     0.0280     0.0204     1.0000
   3673.7764  -524.8531     0.9907     0.0283     0.0217     1.0000
   3673.8069  -522.3686     1.0252     0.0288     0.0232     1.0000
   3673.8376  -519.8677     1.0264     0.0285     0.0227     1.0000
   3673.8682  -517.3750     1.0060     0.0282     0.0201     1.0000
   3673.8989  -514.8742     1.0046     0.0278     0.0204     1.0000
   3673.9294  -512.3897     1.0174     0.0281     0.0217     1.0000
   3673.9602  -509.8807     1.0277     0.0314     0.0237     1.0000
   3673.9907  -507.3961     0.9739     0.0295     0.0232     1.0000
   3674.0215  -504.8872     0.9900     0.0298     0.0209     1.0000
   3674.0520  -502.4026     1.0026     0.0281     0.0208     1.0000
   3674.0828  -499.8936     1.0177     0.0285     0.0221     1.0000
   3674.1133  -497.4091     1.0189     0.0287     0.0232     1.0000
   3674.1440  -494.9082     1.0312     0.0288     0.0217     1.0000
   3674.1746  -492.4156     1.0388     0.0289     0.0207     1.0000
   3674.2053  -489.9147     1.0408     0.0289     0.0216     1.0000
   3674.2358  -487.4302     1.0670     0.0291     0.0230     1.0000
   3674.2666  -484.9212     1.0014     0.0281     0.0226     1.0000
   3674.2971  -482.4366     1.0130     0.0284     0.0209     1.0000
   3674.3279  -479.9277     0.9962     0.0282     0.0206     1.0000
   3674.3584  -477.4431     0.9992     0.0284     0.0216     1.0000
   3674.3892  -474.9341     1.0241     0.0288     0.0230     1.0000
   3674.4197  -472.4496     1.0193     0.0286     0.0230     1.0000
   3674.4504  -469.9487     1.0318     0.0286     0.0207     1.0000
   3674.4810  -467.4561     1.0284     0.0286     0.0210     1.0000
   3674.5117  -464.9552     1.0150     0.0283     0.0216     1.0000
   3674.5422  -462.4707     0.9891     0.0281     0.0228     1.0000
   3674.5730  -459.9617     1.0002     0.0284     0.0228     1.0000
   3674.6035  -457.4771     1.0307     0.0288     0.0206     1.0000
   3674.6343  -454.9682     1.0142     0.0284     0.0211     1.0000
   3674.6648  -452.4836     0.9957     0.0281     0.0215     1.0000
   3674.6956  -449.9746     1.0104     0.0281     0.0229     1.0000
   3674.7261  -447.4901     1.0063     0.0281     0.0223     1.0000
   3674.7568  -444.9893     1.0367     0.0286     0.0204     1.0000
   3674.7874  -442.4966     1.0109     0.0283     0.0211     1.0000
   3674.8181  -439.9957     0.9783     0.0278     0.0214     1.0000
   3674.8489  -437.4867     0.9952     0.0276     0.0225     1.0000
   3674.8794  -435.0022     1.0103     0.0278     0.0218     1.0000
   3674.9102  -432.4932     1.0255     0.0279     0.0200     1.0000
   3674.9407  -430.0087     1.0056     0.0276     0.0204     1.0000
   3674.9714  -427.5078     1.0025     0.0275     0.0211     1.0000
   3675.0019  -425.0233     0.9850     0.0274     0.0224     1.0000
   3675.0327  -422.5143     0.9883     0.0276     0.0215     1.0000
   3675.0632  -420.0298     0.9701     0.0273     0.0194     1.0000
   3675.0940  -417.5208     0.9989     0.0279     0.0208     1.0000
   3675.1245  -415.0362     0.9847     0.0296     0.0229     1.0000
   3675.1553  -412.5273     0.9461     0.0282     0.0227     1.0000
   3675.1858  -410.0427     0.9895     0.0277     0.0214     1.0000
   3675.2166  -407.5337     1.0108     0.0280     0.0201     1.0000
   3675.2471  -405.0492     0.9950     0.0276     0.0205     1.0000
   3675.2778  -402.5483     0.9864     0.0277     0.0212     1.0000
   3675.3083  -400.0638     1.0015     0.0280     0.0229     1.0000
   3675.3391  -397.5548     0.9675     0.0294     0.0224     1.0000
   3675.3699  -395.0458     0.9727     0.0295     0.0213     1.0000
   3675.4004  -392.5613     0.9755     0.0298     0.0216     1.0000
   3675.4311  -390.0605     0.9656     0.0284     0.0222     1.0000
   3675.4617  -387.5678     1.0193     0.0315     0.0250     1.0000
   3675.4924  -385.0669     1.0490     0.0318     0.0241     1.0000
   3675.5230  -382.5742     1.0176     0.0291     0.0212     1.0000
   3675.5537  -380.0734     1.0113     0.0276     0.0206     1.0000
   3675.5842  -377.5889     0.9672     0.0270     0.0206     1.0000
   3675.6150  -375.0799     1.0155     0.0279     0.0229     1.0000
   3675.6455  -372.5953     1.0050     0.0278     0.0218     1.0000
   3675.6763  -370.0863     0.9923     0.0278     0.0199     1.0000
   3675.7070  -367.5855     0.9772     0.0278     0.0206     1.0000
   3675.7375  -365.1010     0.9910     0.0281     0.0216     1.0000
   3675.7683  -362.5920     0.9756     0.0279     0.0228     1.0000
   3675.7988  -360.1074     1.0036     0.0282     0.0223     1.0000
   3675.8296  -357.5984     0.9969     0.0280     0.0201     1.0000
   3675.8601  -355.1139     0.9979     0.0281     0.0209     1.0000
   3675.8909  -352.6049     0.9904     0.0281     0.0214     1.0000
   3675.9214  -350.1204     0.9987     0.0282     0.0231     1.0000
   3675.9522  -347.6114     0.9683     0.0277     0.0222     1.0000
   3675.9829  -345.1106     1.0005     0.0281     0.0203     1.0000
   3676.0134  -342.6260     1.0271     0.0285     0.0211     1.0000
   3676.0442  -340.1170     1.0289     0.0286     0.0218     1.0000
   3676.0747  -337.6325     1.0433     0.0286     0.0232     1.0000
   3676.1055  -335.1235     1.0270     0.0282     0.0228     1.0000
   3676.1360  -332.6390     1.0317     0.0283     0.0205     1.0000
   3676.1667  -330.1381     0.9993     0.0279     0.0208     1.0000
   3676.1973  -327.6454     0.9566     0.0274     0.0210     1.0000
   3676.2280  -325.1446     0.9831     0.0277     0.0221     1.0000
   3676.2588  -322.6356     1.0269     0.0283     0.0230     1.0000
   3676.2893  -320.1511     0.9796     0.0277     0.0204     1.0000
   3676.3201  -317.6421     0.9833     0.0279     0.0204     1.0000
   3676.3506  -315.1575     1.0118     0.0283     0.0214     1.0000
   3676.3814  -312.6486     1.0290     0.0284     0.0223     1.0000
   3676.4119  -310.1640     1.0434     0.0287     0.0233     1.0000
   3676.4426  -307.6632     0.9862     0.0279     0.0208     1.0000
   3676.4734  -305.1542     1.0004     0.0280     0.0206     1.0000
   3676.5039  -302.6696     0.9832     0.0277     0.0207     1.0000
   3676.5347  -300.1607     0.9933     0.0276     0.0213     1.0000
   3676.5652  -297.6761     1.0076     0.0279     0.0230     1.0000
   3676.5959  -295.1753     0.9890     0.0277     0.0216     1.0000
   3676.6267  -292.6663     0.9820     0.0277     0.0199     1.0000
   3676.6572  -290.1818     1.0082     0.0283     0.0213     1.0000
   3676.6880  -287.6728     1.0317     0.0286     0.0219     1.0000
   3676.7185  -285.1882     1.0512     0.0288     0.0235     1.0000
   3676.7493  -282.6792     1.0079     0.0283     0.0225     1.0000
   3676.7798  -280.1947     1.0237     0.0285     0.0208     1.0000
   3676.8106  -277.6857     0.9833     0.0280     0.0206     1.0000
   3676.8413  -275.1849     1.0018     0.0283     0.0216     1.0000
   3676.8718  -272.7003     1.0159     0.0286     0.0229     1.0000
   3676.9026  -270.1913     1.0270     0.0287     0.0231     1.0000
   3676.9331  -267.7068     1.0129     0.0285     0.0211     1.0000
   3676.9639  -265.1978     1.0313     0.0288     0.0214     1.0000
   3676.9946  -262.6970     1.0167     0.0300     0.0227     1.0000
   3677.0251  -260.2124     1.0510     0.0308     0.0242     1.0000
   3677.0559  -257.7035     1.0153     0.0302     0.0243     1.0000
   3677.0864  -255.2189     0.9525     0.0273     0.0208     1.0000
   3677.1172  -252.7099     0.9803     0.0274     0.0200     1.0000
   3677.1480  -250.2009     0.9518     0.0269     0.0201     1.0000
   3677.1785  -247.7164     0.9770     0.0273     0.0209     1.0000
   3677.2092  -245.2156     1.0305     0.0283     0.0228     1.0000
   3677.2398  -242.7229     0.9857     0.0280     0.0220     1.0000
   3677.2705  -240.2220     0.9683     0.0276     0.0202     1.0000
   3677.3013  -237.7131     1.0005     0.0281     0.0211     1.0000
   3677.3318  -235.2285     1.0066     0.0281     0.0215     1.0000
   3677.3625  -232.7277     0.9926     0.0279     0.0222     1.0000
   3677.3931  -230.2350     0.9853     0.0277     0.0226     1.0000
   3677.4238  -227.7341     0.9393     0.0271     0.0202     1.0000
   3677.4546  -225.2252     0.9547     0.0273     0.0203     1.0000
   3677.4851  -222.7406     0.9719     0.0277     0.0212     1.0000
   3677.5159  -220.2316     0.9686     0.0276     0.0213     1.0000
   3677.5464  -217.7471     0.9566     0.0274     0.0219     1.0000
   3677.5772  -215.2381     1.0285     0.0284     0.0223     1.0000
   3677.6079  -212.7373     1.0246     0.0284     0.0209     1.0000
   3677.6384  -210.2527     0.9760     0.0276     0.0208     1.0000
   3677.6692  -207.7437     0.9799     0.0274     0.0210     1.0000
   3677.7000  -205.2348     0.9663     0.0271     0.0216     1.0000
   3677.7305  -202.7502     1.0338     0.0281     0.0229     1.0000
   3677.7612  -200.2494     1.0450     0.0285     0.0213     1.0000
   3677.7917  -197.7648     1.0427     0.0285     0.0213     1.0000
   3677.8225  -195.2558     1.0094     0.0283     0.0216     1.0000
   3677.8533  -192.7469     1.0044     0.0282     0.0219     1.0000
   3677.8838  -190.2623     0.9791     0.0279     0.0224     1.0000
   3677.9145  -187.7615     0.9750     0.0278     0.0217     1.0000
   3677.9451  -185.2688     0.9788     0.0278     0.0205     1.0000
   3677.9758  -182.7680     0.9838     0.0281     0.0212     1.0000
   3678.0066  -180.2590     0.9778     0.0281     0.0216     1.0000
   3678.0371  -177.7744     0.9813     0.0280     0.0223     1.0000
   3678.0679  -175.2654     0.9300     0.0271     0.0219     1.0000
   3678.0986  -172.7646     0.9478     0.0272     0.0206     1.0000
   3678.1292  -170.2719     0.9965     0.0277     0.0206     1.0000
   3678.1599  -167.7711     0.9894     0.0274     0.0210     1.0000
   3678.1907  -165.2621     0.9843     0.0275     0.0211     1.0000
   3678.2212  -162.7776     1.0443     0.0284     0.0227     1.0000
   3678.2519  -160.2767     0.9990     0.0277     0.0217     1.0000
   3678.2825  -157.7840     0.9770     0.0272     0.0202     1.0000
   3678.3132  -155.2832     0.9528     0.0268     0.0204     1.0000
   3678.3440  -152.7742     0.9627     0.0271     0.0211     1.0000
   3678.3745  -150.2897     0.9104     0.0263     0.0206     1.0000
   3678.4053  -147.7807     0.8385     0.0251     0.0202     1.0000
   3678.4360  -145.2798     0.8443     0.0253     0.0195     1.0000
   3678.4666  -142.7872     0.8390     0.0251     0.0185     1.0000
   3678.4973  -140.2863     0.8934     0.0261     0.0199     1.0000
   3678.5281  -137.7773     0.9667     0.0273     0.0210     1.0000
   3678.5586  -135.2928     0.9617     0.0274     0.0218     1.0000
   3678.5894  -132.7838     0.9853     0.0278     0.0224     1.0000
   3678.6201  -130.2830     0.9763     0.0277     0.0210     1.0000
   3678.6506  -127.7984     0.9641     0.0274     0.0206     1.0000
   3678.6814  -125.2894     0.9757     0.0274     0.0210     1.0000
   3678.7119  -122.8049     1.0055     0.0280     0.0217     1.0000
   3678.7427  -120.2959     0.9487     0.0272     0.0216     1.0000
   3678.7734  -117.7951     0.9705     0.0277     0.0218     1.0000
   3678.8040  -115.3024     0.9763     0.0281     0.0210     1.0000
   3678.8347  -112.8015     0.9904     0.0284     0.0214     1.0000
   3678.8655  -110.2926     1.0126     0.0287     0.0223     1.0000
   3678.8960  -107.8080     0.9643     0.0279     0.0217     1.0000
   3678.9268  -105.2990     0.9844     0.0281     0.0225     1.0000
   3678.9575  -102.7982     0.9695     0.0281     0.0218     1.0000
   3678.9880  -100.3137     0.9726     0.0281     0.0209     1.0000
   3679.0188   -97.8047     1.0112     0.0286     0.0219     1.0000
   3679.0496   -95.2957     0.9558     0.0276     0.0212     1.0000
   3679.0801   -92.8111     0.9833     0.0299     0.0239     1.0000
   3679.1108   -90.3103     0.8526     0.0259     0.0211     1.0000
   3679.1416   -87.8013     0.7025     0.0235     0.0182     1.0000
   3679.1721   -85.3168     0.4469     0.0188     0.0136     1.0000
   3679.2029   -82.8078     0.2104     0.0141     0.0103     1.0000
   3679.2336   -80.3070     0.1030     0.0104     0.0078     1.0000
   3679.2642   -77.8143     0.0753     0.0099     0.0081     1.0000
   3679.2949   -75.3134     0.0644     0.0104     0.0089     1.0000
   3679.3257   -72.8044     0.0312     0.0089     0.0069     1.0000
   3679.3562   -70.3199     0.0361     0.0084     0.0058     1.0000
   3679.3870   -67.8109     0.0279     0.0078     0.0055     1.0000
   3679.4177   -65.3101     0.0137     0.0071     0.0052     1.0000
   3679.4482   -62.8255     0.0199     0.0075     0.0062     1.0000
   3679.4790   -60.3166     0.0171     0.0076     0.0066     1.0000
   3679.5098   -57.8076     0.0051     0.0075     0.0058     1.0000
   3679.5405   -55.3067    -0.0057     0.0072     0.0050     1.0000
   3679.5710   -52.8222     0.0019     0.0069     0.0048     1.0000
   3679.6018   -50.3132     0.0093     0.0071     0.0053     1.0000
   3679.6326   -47.8042     0.0186     0.0071     0.0060     1.0000
   3679.6631   -45.3197     0.0086     0.0063     0.0053     1.0000
   3679.6939   -42.8107     0.0147     0.0062     0.0047     1.0000
   3679.7246   -40.3099     0.0189     0.0065     0.0047     1.0000
   3679.7551   -37.8253     0.0020     0.0061     0.0043     1.0000
   3679.7859   -35.3163     0.0053     0.0067     0.0051     1.0000
   3679.8167   -32.8074     0.0093     0.0068     0.0058     1.0000
   3679.8472   -30.3228     0.0096     0.0070     0.0060     1.0000
   3679.8779   -27.8220    -0.0102     0.0064     0.0050     1.0000
   3679.9087   -25.3130    -0.0190     0.0065     0.0044     1.0000
   3679.9392   -22.8284    -0.0087     0.0062     0.0042     1.0000
   3679.9700   -20.3195     0.0074     0.0067     0.0051     1.0000
   3680.0007   -17.8186     0.0067     0.0069     0.0061     1.0000
   3680.0315   -15.3096     0.0100     0.0071     0.0062     1.0000
   3680.0620   -12.8251     0.0050     0.0079     0.0062     1.0000
   3680.0928   -10.3161    -0.0031     0.0075     0.0052     1.0000
   3680.1235    -7.8153     0.0108     0.0072     0.0049     1.0000
   3680.1541    -5.3226     0.0017     0.0070     0.0052     1.0000
   3680.1848    -2.8217    -0.0163     0.0072     0.0061     1.0000
   3680.2156    -0.3128     0.0096     0.0072     0.0063     1.0000
   3680.2461     2.1718     0.0031     0.0065     0.0050     1.0000
   3680.2769     4.6808     0.0062     0.0069     0.0050     1.0000
   3680.3076     7.1816     0.0068     0.0067     0.0046     1.0000
   3680.3384     9.6906     0.0268     0.0076     0.0056     1.0000
   3680.3689    12.1751     0.0238     0.0078     0.0067     1.0000
   3680.3997    14.6841     0.0024     0.0078     0.0068     1.0000
   3680.4304    17.1849     0.0069     0.0062     0.0048     1.0000
   3680.4609    19.6695     0.0026     0.0065     0.0047     1.0000
   3680.4917    22.1785     0.0170     0.0066     0.0048     1.0000
   3680.5225    24.6875     0.0260     0.0074     0.0057     1.0000
   3680.5532    27.1883    -0.0007     0.0061     0.0048     1.0000
   3680.5837    29.6728     0.0111     0.0063     0.0052     1.0000
   3680.6145    32.1818     0.0193     0.0066     0.0051     1.0000
   3680.6453    34.6908     0.0196     0.0079     0.0060     1.0000
   3680.6758    37.1754     0.0422     0.0096     0.0076     1.0000
   3680.7065    39.6762     0.0220     0.0071     0.0051     1.0000
   3680.7373    42.1852     0.0178     0.0062     0.0049     1.0000
   3680.7681    44.6942     0.0119     0.0057     0.0047     1.0000
   3680.7986    47.1787     0.0091     0.0056     0.0045     1.0000
   3680.8293    49.6795    -0.0008     0.0057     0.0044     1.0000
   3680.8601    52.1885     0.0123     0.0057     0.0042     1.0000
   3680.8909    54.6975     0.0203     0.0065     0.0048     1.0000
   3680.9214    57.1820    -0.0055     0.0063     0.0047     1.0000
   3680.9522    59.6910    -0.0053     0.0063     0.0054     1.0000
   3680.9829    62.1919     0.0075     0.0065     0.0056     1.0000
   3681.0134    64.6764     0.0130     0.0067     0.0054     1.0000
   3681.0442    67.1854     0.0055     0.0067     0.0049     1.0000
   3681.0750    69.6944     0.0064     0.0067     0.0048     1.0000
   3681.1057    72.1952     0.0141     0.0075     0.0054     1.0000
   3681.1362    74.6798     0.0257     0.0076     0.0060     1.0000
   3681.1670    77.1887     0.0597     0.0088     0.0072     1.0000
   3681.1977    79.6896     0.2035     0.0130     0.0100     1.0000
   3681.2285    82.1986     0.3898     0.0179     0.0136     1.0000
   3681.2590    84.6831     0.5842     0.0219     0.0168     1.0000
   3681.2898    87.1921     0.7008     0.0241     0.0191     1.0000
   3681.3206    89.7011     0.6754     0.0236     0.0186     1.0000
   3681.3513    92.2019     0.5209     0.0209     0.0165     1.0000
   3681.3818    94.6865     0.4026     0.0182     0.0138     1.0000
   3681.4126    97.1954     0.4105     0.0184     0.0142     1.0000
   3681.4434    99.7044     0.4491     0.0193     0.0147     1.0000
   3681.4741   102.2053     0.6058     0.0220     0.0171     1.0000
   3681.5046   104.6898     0.6681     0.0234     0.0182     1.0000
   3681.5354   107.1988     0.7580     0.0249     0.0194     1.0000
   3681.5662   109.7078     0.8842     0.0268     0.0210     1.0000
   3681.5969   112.2086     0.9332     0.0276     0.0211     1.0000
   3681.6274   114.6931     0.9483     0.0279     0.0213     1.0000
   3681.6582   117.2021     0.9870     0.0285     0.0222     1.0000
   3681.6890   119.7111     0.9749     0.0284     0.0225     1.0000
   3681.7197   122.2120     1.0309     0.0293     0.0233     1.0000
   3681.7502   124.6965     0.9528     0.0280     0.0221     1.0000
   3681.7810   127.2055     0.9400     0.0280     0.0217     1.0000
   3681.8118   129.7145     1.0112     0.0291     0.0221     1.0000
   3681.8425   132.2153     0.9757     0.0289     0.0222     1.0000
   3681.8731   134.7080     0.9778     0.0290     0.0227     1.0000
   3681.9038   137.2088     0.9722     0.0290     0.0231     1.0000
   3681.9346   139.7178     0.9618     0.0285     0.0223     1.0000
   3681.9653   142.2186     0.9837     0.0293     0.0233     1.0000
   3681.9958   144.7032     0.9816     0.0291     0.0226     1.0000
   3682.0266   147.2122     0.9786     0.0291     0.0219     1.0000
   3682.0574   149.7212     1.0099     0.0284     0.0216     1.0000
   3682.0881   152.2220     0.9822     0.0283     0.0223     1.0000
   3682.1186   154.7065     0.9815     0.0288     0.0228     1.0000
   3682.1494   157.2155     0.9885     0.0289     0.0226     1.0000
   3682.1802   159.7245     1.0184     0.0290     0.0230     1.0000
   3682.2109   162.2253     1.0140     0.0295     0.0226     1.0000
   3682.2417   164.7343     0.9781     0.0289     0.0216     1.0000
   3682.2722   167.2189     1.0032     0.0288     0.0224     1.0000
   3682.3030   169.7279     1.0040     0.0290     0.0231     1.0000
   3682.3337   172.2287     1.0253     0.0309     0.0239     1.0000
   3682.3645   174.7377     1.0164     0.0297     0.0237     1.0000
   3682.3950   177.2222     1.0181     0.0288     0.0224     1.0000
   3682.4258   179.7312     1.0123     0.0288     0.0216     1.0000
   3682.4565   182.2320     0.9542     0.0280     0.0213     1.0000
   3682.4873   184.7410     0.9620     0.0279     0.0216     1.0000
   3682.5181   187.2500     0.9993     0.0283     0.0222     1.0000
   3682.5486   189.7345     1.0187     0.0293     0.0235     1.0000
   3682.5793   192.2354     0.9871     0.0286     0.0225     1.0000
   3682.6101   194.7444     0.9803     0.0285     0.0220     1.0000
   3682.6409   197.2533     0.9991     0.0284     0.0215     1.0000
   3682.6714   199.7379     1.0237     0.0292     0.0220     1.0000
   3682.7022   202.2469     1.0334     0.0289     0.0220     1.0000
   3682.7329   204.7477     1.0149     0.0286     0.0229     1.0000
   3682.7637   207.2567     0.9676     0.0280     0.0225     1.0000
   3682.7944   209.7575     1.0097     0.0287     0.0223     1.0000
   3682.8250   212.2502     1.0154     0.0287     0.0225     1.0000
   3682.8557   214.7511     0.9783     0.0281     0.0214     1.0000
   3682.8865   217.2600     0.9877     0.0298     0.0215     1.0000
   3682.9172   219.7609     0.9877     0.0284     0.0220     1.0000
   3682.9480   222.2699     0.9785     0.0278     0.0225     1.0000
   3682.9785   224.7544     0.9576     0.0278     0.0222     1.0000
   3683.0093   227.2634     0.9965     0.0282     0.0223     1.0000
   3683.0400   229.7642     0.9846     0.0279     0.0220     1.0000
   3683.0708   232.2732     0.9948     0.0281     0.0212     1.0000
   3683.1016   234.7822     1.0136     0.0277     0.0204     1.0000
   3683.1321   237.2667     0.9897     0.0274     0.0210     1.0000
   3683.1628   239.7676     0.9930     0.0285     0.0226     1.0000
   3683.1936   242.2766     0.9957     0.0287     0.0232     1.0000
   3683.2244   244.7855     1.0266     0.0284     0.0229     1.0000
   3683.2551   247.2864     1.0344     0.0277     0.0216     1.0000
   3683.2856   249.7709     1.0420     0.0274     0.0208     1.0000
   3683.3164   252.2799     1.0073     0.0280     0.0210     1.0000
   3683.3472   254.7889     0.9759     0.0271     0.0200     1.0000
   3683.3779   257.2897     1.0175     0.0277     0.0215     1.0000
   3683.4087   259.7987     1.0041     0.0277     0.0226     1.0000
   3683.4394   262.2995     0.9887     0.0267     0.0210     1.0000
   3683.4700   264.7922     1.0055     0.0272     0.0211     1.0000
   3683.5007   267.2931     1.0121     0.0272     0.0215     1.0000
   3683.5315   269.8021     1.0281     0.0274     0.0202     1.0000
   3683.5623   272.3110     1.0276     0.0271     0.0194     1.0000
   3683.5930   274.8119     1.0285     0.0279     0.0216     1.0000
   3683.6235   277.2964     1.0024     0.0273     0.0219     1.0000
   3683.6543   279.8054     0.9927     0.0269     0.0210     1.0000
   3683.6851   282.3144     1.0072     0.0278     0.0222     1.0000
   3683.7158   284.8152     0.9899     0.0274     0.0216     1.0000
   3683.7466   287.3242     0.9998     0.0269     0.0199     1.0000
   3683.7773   289.8250     0.9886     0.0271     0.0199     1.0000
   3683.8079   292.3177     0.9891     0.0268     0.0201     1.0000
   3683.8386   294.8186     0.9466     0.0262     0.0200     1.0000
   3683.8694   297.3276     0.9181     0.0256     0.0205     1.0000
   3683.9001   299.8284     0.9744     0.0264     0.0216     1.0000
   3683.9309   302.3374     0.9974     0.0267     0.0207     1.0000
   3683.9617   304.8464     1.0261     0.0269     0.0211     1.0000
   3683.9922   307.3309     1.0021     0.0280     0.0214     1.0000
   3684.0230   309.8399     1.0042     0.0269     0.0191     1.0000
   3684.0537   312.3407     0.9848     0.0274     0.0203     1.0000
   3684.0845   314.8497     0.9795     0.0267     0.0215     1.0000
   3684.1152   317.3505     1.0102     0.0272     0.0218     1.0000
   3684.1460   319.8595     0.9886     0.0267     0.0211     1.0000
   3684.1765   322.3441     0.9713     0.0268     0.0218     1.0000
   3684.2073   324.8531     1.0133     0.0274     0.0212     1.0000
   3684.2380   327.3539     1.0163     0.0275     0.0199     1.0000
   3684.2688   329.8629     0.9765     0.0267     0.0199     1.0000
   3684.2996   332.3719     0.9940     0.0269     0.0202     1.0000
   3684.3303   334.8727     0.9809     0.0266     0.0204     1.0000
   3684.3608   337.3572     1.0098     0.0280     0.0232     1.0000
   3684.3916   339.8662     0.9926     0.0333     0.0220     1.0000
   3684.4224   342.3752     0.9884     0.0267     0.0205     1.0000
   3684.4531   344.8760     1.0063     0.0269     0.0211     1.0000
   3684.4839   347.3850     1.0494     0.0363     0.0212     1.0000
   3684.5147   349.8940     1.0504     0.0302     0.0211     1.0000
   3684.5454   352.3948     1.0307     0.0291     0.0220     1.0000
   3684.5759   354.8794     1.0085     0.0272     0.0221     1.0000
   3684.6067   357.3884     0.9550     0.0267     0.0211     1.0000
   3684.6375   359.8974     0.9520     0.0265     0.0213     1.0000
   3684.6682   362.3982     0.9942     0.0272     0.0221     1.0000
   3684.6990   364.9072     1.0015     0.0273     0.0205     1.0000
   3684.7297   367.4080     0.9912     0.0271     0.0198     1.0000
   3684.7605   369.9170     1.0036     0.0277     0.0207     1.0000
   3684.7910   372.4015     1.0240     0.0275     0.0202     1.0000
   3684.8218   374.9105     1.0071     0.0273     0.0210     1.0000
   3684.8525   377.4114     0.9899     0.0268     0.0224     1.0000
   3684.8833   379.9203     1.0180     0.0270     0.0217     1.0000
   3684.9141   382.4293     0.9747     0.0264     0.0204     1.0000
   3684.9448   384.9302     1.0223     0.0282     0.0223     1.0000
   3684.9756   387.4391     0.9735     0.0263     0.0194     1.0000
   3685.0061   389.9237     0.9584     0.0261     0.0181     1.0000
   3685.0369   392.4327     1.0041     0.0269     0.0201     1.0000
   3685.0676   394.9335     1.0473     0.0275     0.0216     1.0000
   3685.0984   397.4425     0.9508     0.0263     0.0206     1.0000
   3685.1292   399.9515     0.9377     0.0261     0.0214     1.0000
   3685.1599   402.4523     0.9900     0.0271     0.0221     1.0000
   3685.1907   404.9613     0.9964     0.0272     0.0206     1.0000
   3685.2214   407.4621     1.0039     0.0273     0.0207     1.0000
   3685.2519   409.9467     1.0144     0.0274     0.0206     1.0000
   3685.2827   412.4557     1.0060     0.0274     0.0193     1.0000
   3685.3135   414.9646     0.9596     0.0266     0.0198     1.0000
   3685.3442   417.4655     0.9762     0.0278     0.0226     1.0000
   3685.3750   419.9745     0.9933     0.0268     0.0218     1.0000
   3685.4058   422.4834     1.0040     0.0270     0.0212     1.0000
   3685.4365   424.9843     1.0273     0.0274     0.0225     1.0000
   3685.4673   427.4933     0.9987     0.0271     0.0209     1.0000
   3685.4978   429.9778     0.9880     0.0269     0.0191     1.0000
   3685.5286   432.4868     1.0031     0.0275     0.0200     1.0000
   3685.5593   434.9876     1.0316     0.0274     0.0202     1.0000
   3685.5901   437.4966     1.0019     0.0271     0.0200     1.0000
   3685.6208   439.9974     0.9798     0.0268     0.0221     1.0000
   3685.6516   442.5064     0.9835     0.0280     0.0234     1.0000
   3685.6824   445.0154     1.0180     0.0275     0.0215     1.0000
   3685.7131   447.5162     1.0372     0.0276     0.0220     1.0000
   3685.7439   450.0252     1.0474     0.0277     0.0220     1.0000
   3685.7744   452.5098     1.0398     0.0278     0.0196     1.0000
   3685.8052   455.0188     1.0353     0.0275     0.0195     1.0000
   3685.8359   457.5196     1.0087     0.0270     0.0206     1.0000
   3685.8667   460.0286     1.0039     0.0269     0.0206     1.0000
   3685.8975   462.5376     1.0264     0.0271     0.0216     1.0000
   3685.9282   465.0384     1.0416     0.0272     0.0230     1.0000
   3685.9590   467.5474     0.9917     0.0264     0.0212     1.0000
   3685.9898   470.0564     0.9531     0.0259     0.0200     1.0000
   3686.0205   472.5572     0.9165     0.0253     0.0197     1.0000
   3686.0513   475.0662     0.9900     0.0264     0.0195     1.0000
   3686.0818   477.5507     0.9968     0.0265     0.0181     1.0000
   3686.1125   480.0516     0.9630     0.0261     0.0193     1.0000
   3686.1433   482.5605     0.9492     0.0260     0.0206     1.0000
   3686.1741   485.0695     0.9466     0.0262     0.0209     1.0000
   3686.2048   487.5704     0.9868     0.0267     0.0220     1.0000
   3686.2356   490.0794     1.0299     0.0273     0.0229     1.0000
   3686.2664   492.5883     1.0268     0.0273     0.0215     1.0000
   3686.2971   495.0892     1.0120     0.0271     0.0205     1.0000
   3686.3279   497.5982     1.0013     0.0269     0.0204     1.0000
   3686.3586   500.0990     0.9861     0.0267     0.0190     1.0000
   3686.3894   502.6080     0.9881     0.0269     0.0186     1.0000
   3686.4199   505.0925     1.0199     0.0273     0.0211     1.0000
   3686.4507   507.6015     0.9977     0.0270     0.0219     1.0000
   3686.4815   510.1105     0.9417     0.0264     0.0211     1.0000
   3686.5122   512.6113     0.9775     0.0275     0.0228     1.0000
   3686.5430   515.1203     0.9594     0.0266     0.0219     1.0000
   3686.5737   517.6211     1.0309     0.0275     0.0209     1.0000
   3686.6045   520.1301     1.0472     0.0278     0.0208     1.0000
   3686.6352   522.6310     1.0093     0.0273     0.0205     1.0000
   3686.6660   525.1399     1.0287     0.0276     0.0193     1.0000
   3686.6968   527.6489     1.0041     0.0271     0.0194     1.0000
   3686.7275   530.1498     0.9679     0.0265     0.0213     1.0000
   3686.7583   532.6587     1.0127     0.0269     0.0220     1.0000
   3686.7891   535.1677     0.9719     0.0263     0.0210     1.0000
   3686.8196   537.6523     0.9594     0.0261     0.0217     1.0000
   3686.8503   540.1531     0.9634     0.0268     0.0218     1.0000
   3686.8811   542.6621     0.9694     0.0262     0.0195     1.0000
   3686.9119   545.1711     0.9887     0.0267     0.0200     1.0000
   3686.9426   547.6719     0.9756     0.0266     0.0196     1.0000
   3686.9734   550.1809     0.9970     0.0270     0.0185     1.0000
   3687.0042   552.6899     1.0199     0.0271     0.0199     1.0000
   3687.0349   555.1907     1.0146     0.0279     0.0228     1.0000
   3687.0657   557.6997     0.9542     0.0261     0.0210     1.0000
   3687.0964   560.2005     1.0250     0.0271     0.0220     1.0000
   3687.1272   562.7095     0.9552     0.0263     0.0221     1.0000
   3687.1580   565.2185     0.9798     0.0267     0.0214     1.0000
   3687.1887   567.7193     0.9617     0.0266     0.0195     1.0000
   3687.2195   570.2283     0.9905     0.0270     0.0204     1.0000
   3687.2502   572.7292     1.0160     0.0275     0.0201     1.0000
   3687.2810   575.2381     1.0394     0.0278     0.0188     1.0000
   3687.3115   577.7227     1.0587     0.0280     0.0207     1.0000
   3687.3423   580.2317     1.0564     0.0279     0.0224     1.0000
   3687.3731   582.7407     1.0409     0.0279     0.0223     1.0000
   3687.4038   585.2415     0.9898     0.0272     0.0223     1.0000
   3687.4346   587.7505     0.9577     0.0266     0.0226     1.0000
   3687.4653   590.2513     0.9912     0.0272     0.0219     1.0000
   3687.4961   592.7603     0.9781     0.0268     0.0200     1.0000
   3687.5269   595.2693     1.0185     0.0279     0.0213     1.0000
   3687.5576   597.7701     1.0108     0.0271     0.0197     1.0000
   3687.5884   600.2791     1.0093     0.0271     0.0183     1.0000
   3687.6191   602.7799     0.9896     0.0270     0.0198     1.0000
   3687.6499   605.2889     0.9868     0.0268     0.0209     1.0000
