   3663.5276  -593.5669     1.0501     0.0285     0.0217     1.0000
   3663.5581  -591.0760     1.0367     0.0283     0.0206     1.0000
   3663.5889  -588.5606     1.0091     0.0279     0.0213     1.0000
   3663.6194  -586.0697     0.9884     0.0275     0.0220     1.0000
   3663.6499  -583.5787     0.9853     0.0273     0.0211     1.0000
   3663.6804  -581.0878     0.9784     0.0277     0.0213     1.0000
   3663.7109  -578.5969     0.9232     0.0264     0.0217     1.0000
   3663.7415  -576.0978     1.0192     0.0278     0.0231     1.0000
   3663.7720  -573.6069     1.0287     0.0283     0.0224     1.0000
   3663.8027  -571.0996     1.0117     0.0280     0.0222     1.0000
   3663.8333  -568.6005     1.0306     0.0284     0.0234     1.0000
   3663.8638  -566.1096     1.0139     0.0282     0.0224     1.0000
   3663.8943  -563.6187     1.0320     0.0284     0.0214     1.0000
   3663.9248  -561.1278     1.0145     0.0288     0.0222     1.0000
   3663.9553  -558.6368     0.9931     0.0286     0.0226     1.0000
   3663.9858  -556.1459     1.0374     0.0286     0.0217     1.0000
   3664.0166  -553.6305     1.0039     0.0285     0.0207     1.0000
   3664.0471  -551.1396     1.0101     0.0278     0.0215     1.0000
   3664.0776  -548.6486     0.9800     0.0273     0.0207     1.0000
   3664.1082  -546.1495     0.9901     0.0275     0.0198     1.0000
   3664.1387  -543.6586     1.0068     0.0284     0.0204     1.0000
   3664.1692  -541.1677     1.0009     0.0276     0.0213     1.0000
   3664.1997  -538.6768     1.0025     0.0277     0.0210     1.0000
   3664.2305  -536.1613     1.0190     0.0277     0.0198     1.0000
   3664.2610  -533.6704     1.0034     0.0274     0.0203     1.0000
   3664.2915  -531.1795     0.9891     0.0273     0.0208     1.0000
   3664.3220  -528.6886     0.9927     0.0274     0.0200     1.0000
   3664.3525  -526.1977     0.9925     0.0273     0.0199     1.0000
   3664.3831  -523.6986     0.9803     0.0277     0.0213     1.0000
   3664.4138  -521.1913     1.0331     0.0291     0.0228     1.0000
   3664.4443  -518.7004     0.9841     0.0284     0.0209     1.0000
   3664.4749  -516.2013     0.9878     0.0276     0.0210     1.0000
   3664.5054  -513.7104     0.9736     0.0273     0.0220     1.0000
   3664.5359  -511.2194     0.9845     0.0274     0.0220     1.0000
   3664.5664  -508.7285     1.0069     0.0279     0.0218     1.0000
   3664.5972  -506.2131     0.9627     0.0273     0.0219     1.0000
   3664.6277  -503.7222     0.9730     0.0275     0.0229     1.0000
   3664.6582  -501.2313     0.9466     0.0272     0.0218     1.0000
   3664.6887  -498.7403     1.0096     0.0280     0.0218     1.0000
   3664.7192  -496.2494     0.9995     0.0278     0.0222     1.0000
   3664.7498  -493.7503     0.9627     0.0282     0.0224     1.0000
   3664.7805  -491.2431     1.0396     0.0281     0.0216     1.0000
   3664.8110  -488.7521     0.9810     0.0272     0.0204     1.0000
   3664.8416  -486.2530     0.9881     0.0273     0.0216     1.0000
   3664.8721  -483.7621     0.9395     0.0267     0.0208     1.0000
   3664.9026  -481.2712     0.9978     0.0273     0.0204     1.0000
   3664.9333  -478.7639     0.9984     0.0272     0.0204     1.0000
   3664.9639  -476.2649     0.9792     0.0271     0.0213     1.0000
   3664.9944  -473.7739     0.9709     0.0272     0.0211     1.0000
   3665.0249  -471.2830     0.9741     0.0273     0.0201     1.0000
   3665.0554  -468.7921     0.9972     0.0277     0.0210     1.0000
   3665.0859  -466.3012     1.0352     0.0283     0.0221     1.0000
   3665.1167  -463.7857     1.0031     0.0280     0.0210     1.0000
   3665.1472  -461.2948     1.0219     0.0288     0.0209     1.0000
   3665.1777  -458.8039     1.0224     0.0284     0.0215     1.0000
   3665.2083  -456.3048     0.9637     0.0276     0.0212     1.0000
   3665.2388  -453.8139     0.9573     0.0274     0.0201     1.0000
   3665.2695  -451.3066     0.9516     0.0273     0.0199     1.0000
   3665.3000  -448.8157     0.9655     0.0273     0.0208     1.0000
   3665.3306  -446.3166     0.9959     0.0277     0.0214     1.0000
   3665.3611  -443.8257     0.9674     0.0270     0.0196     1.0000
   3665.3916  -441.3348     0.9802     0.0272     0.0201     1.0000
   3665.4224  -438.8193     0.9444     0.0267     0.0204     1.0000
   3665.4529  -436.3284     0.9559     0.0270     0.0206     1.0000
   3665.4834  -433.8375     0.9807     0.0273     0.0201     1.0000
   3665.5139  -431.3466     0.9901     0.0274     0.0204     1.0000
   3665.5444  -428.8556     1.0049     0.0276     0.0215     1.0000
   3665.5752  -426.3402     0.9905     0.0275     0.0209     1.0000
   3665.6057  -423.8493     0.9765     0.0274     0.0202     1.0000
   3665.6362  -421.3584     1.0252     0.0281     0.0213     1.0000
   3665.6667  -418.8674     1.0064     0.0280     0.0219     1.0000
   3665.6973  -416.3684     1.0057     0.0281     0.0214     1.0000
   3665.7280  -413.8611     0.9746     0.0276     0.0204     1.0000
   3665.7585  -411.3702     1.0010     0.0280     0.0216     1.0000
   3665.7891  -408.8711     0.9982     0.0278     0.0220     1.0000
   3665.8196  -406.3802     1.0071     0.0278     0.0211     1.0000
   3665.8503  -403.8729     1.0368     0.0283     0.0215     1.0000
   3665.8809  -401.3738     0.9985     0.0284     0.0223     1.0000
   3665.9114  -398.8829     1.0142     0.0287     0.0231     1.0000
   3665.9419  -396.3920     0.9966     0.0282     0.0218     1.0000
   3665.9724  -393.9010     1.0054     0.0286     0.0220     1.0000
   3666.0032  -391.3856     1.0102     0.0282     0.0228     1.0000
   3666.0337  -388.8947     1.0092     0.0281     0.0228     1.0000
   3666.0642  -386.4038     1.0110     0.0282     0.0220     1.0000
   3666.0947  -383.9129     0.9950     0.0280     0.0219     1.0000
   3666.1252  -381.4219     1.0061     0.0287     0.0233     1.0000
   3666.1560  -378.9065     1.0059     0.0280     0.0225     1.0000
   3666.1865  -376.4156     1.0090     0.0281     0.0219     1.0000
   3666.2170  -373.9247     1.0069     0.0282     0.0222     1.0000
   3666.2476  -371.4256     0.9971     0.0282     0.0229     1.0000
   3666.2783  -368.9183     0.9894     0.0280     0.0222     1.0000
   3666.3088  -366.4274     0.9375     0.0274     0.0209     1.0000
   3666.3394  -363.9283     1.0075     0.0285     0.0224     1.0000
   3666.3699  -361.4374     1.0091     0.0284     0.0229     1.0000
   3666.4006  -358.9301     1.0346     0.0286     0.0226     1.0000
   3666.4311  -356.4392     0.9994     0.0282     0.0217     1.0000
   3666.4617  -353.9401     1.0138     0.0282     0.0221     1.0000
   3666.4922  -351.4492     1.0100     0.0280     0.0225     1.0000
   3666.5227  -348.9583     1.0313     0.0284     0.0223     1.0000
   3666.5535  -346.4428     1.0098     0.0284     0.0216     1.0000
   3666.5840  -343.9519     1.0232     0.0287     0.0225     1.0000
   3666.6145  -341.4610     0.9645     0.0276     0.0221     1.0000
   3666.6450  -338.9701     0.9880     0.0278     0.0216     1.0000
   3666.6758  -336.4546     0.9945     0.0277     0.0213     1.0000
   3666.7063  -333.9637     0.9514     0.0272     0.0215     1.0000
   3666.7368  -331.4728     1.0308     0.0296     0.0239     1.0000
   3666.7673  -328.9819     1.0191     0.0294     0.0228     1.0000
   3666.7981  -326.4664     0.9595     0.0273     0.0209     1.0000
   3666.8286  -323.9755     0.9830     0.0280     0.0221     1.0000
   3666.8591  -321.4846     0.9969     0.0283     0.0227     1.0000
   3666.8897  -318.9855     1.0031     0.0283     0.0221     1.0000
   3666.9204  -316.4782     0.9727     0.0279     0.0212     1.0000
   3666.9509  -313.9873     0.9848     0.0281     0.0223     1.0000
   3666.9815  -311.4882     1.0221     0.0284     0.0228     1.0000
   3667.0120  -308.9973     1.0530     0.0294     0.0227     1.0000
   3667.0427  -306.4901     1.0575     0.0297     0.0227     1.0000
   3667.0732  -303.9991     1.0080     0.0281     0.0223     1.0000
   3667.1038  -301.5000     0.9819     0.0274     0.0218     1.0000
   3667.1343  -299.0091     1.0002     0.0276     0.0216     1.0000
   3667.1650  -296.5019     0.9853     0.0276     0.0212     1.0000
   3667.1956  -294.0028     0.9948     0.0281     0.0225     1.0000
   3667.2261  -291.5118     0.9624     0.0274     0.0218     1.0000
   3667.2566  -289.0209     0.9826     0.0277     0.0213     1.0000
   3667.2874  -286.5055     1.0498     0.0291     0.0223     1.0000
   3667.3179  -284.0146     1.0195     0.0286     0.0229     1.0000
   3667.3484  -281.5237     0.9404     0.0267     0.0210     1.0000
   3667.3789  -279.0327     0.9703     0.0277     0.0211     1.0000
   3667.4097  -276.5173     0.9888     0.0277     0.0211     1.0000
   3667.4402  -274.0264     1.0003     0.0279     0.0222     1.0000
   3667.4707  -271.5355     1.0097     0.0295     0.0228     1.0000
   3667.5015  -269.0200     1.0183     0.0282     0.0218     1.0000
   3667.5320  -266.5291     0.9927     0.0278     0.0212     1.0000
   3667.5625  -264.0382     0.9933     0.0281     0.0224     1.0000
   3667.5930  -261.5473     0.9858     0.0277     0.0221     1.0000
   3667.6238  -259.0318     0.9920     0.0275     0.0211     1.0000
   3667.6543  -256.5409     1.0050     0.0280     0.0213     1.0000
   3667.6848  -254.0500     0.9938     0.0275     0.0219     1.0000
   3667.7153  -251.5591     0.9800     0.0275     0.0217     1.0000
   3667.7461  -249.0436     0.9439     0.0269     0.0207     1.0000
   3667.7766  -246.5527     0.9915     0.0276     0.0209     1.0000
   3667.8071  -244.0618     1.0200     0.0284     0.0223     1.0000
   3667.8379  -241.5464     0.9819     0.0280     0.0219     1.0000
   3667.8684  -239.0555     0.9795     0.0280     0.0211     1.0000
   3667.8989  -236.5645     0.9829     0.0279     0.0208     1.0000
   3667.9294  -234.0736     1.0106     0.0293     0.0230     1.0000
   3667.9602  -231.5582     1.0135     0.0293     0.0230     1.0000
   3667.9907  -229.0673     0.9750     0.0277     0.0210     1.0000
   3668.0212  -226.5763     0.9010     0.0264     0.0198     1.0000
   3668.0520  -224.0609     0.8463     0.0259     0.0198     1.0000
   3668.0825  -221.5700     0.8993     0.0266     0.0204     1.0000
   3668.1130  -219.0791     0.9092     0.0272     0.0206     1.0000
   3668.1435  -216.5881     0.9494     0.0285     0.0208     1.0000
   3668.1743  -214.0727     0.9509     0.0282     0.0217     1.0000
   3668.2048  -211.5818     0.9501     0.0287     0.0219     1.0000
   3668.2353  -209.0909     0.9754     0.0291     0.0214     1.0000
   3668.2661  -206.5754     0.9877     0.0286     0.0208     1.0000
   3668.2966  -204.0845     0.9858     0.0287     0.0218     1.0000
   3668.3272  -201.5854     1.0292     0.0299     0.0228     1.0000
   3668.3579  -199.0782     1.0376     0.0301     0.0225     1.0000
   3668.3884  -196.5873     1.0176     0.0291     0.0210     1.0000
   3668.4190  -194.0882     0.9817     0.0308     0.0230     1.0000
   3668.4495  -191.5972     1.0047     0.0297     0.0227     1.0000
   3668.4802  -189.0900     0.9988     0.0297     0.0222     1.0000
   3668.5107  -186.5991     0.9825     0.0290     0.0210     1.0000
   3668.5413  -184.1000     0.9550     0.0285     0.0214     1.0000
   3668.5720  -181.5927     0.9291     0.0282     0.0217     1.0000
   3668.6025  -179.1018     0.9270     0.0282     0.0211     1.0000
   3668.6331  -176.6027     0.9322     0.0286     0.0206     1.0000
   3668.6638  -174.0954     0.9291     0.0284     0.0213     1.0000
   3668.6943  -171.6045     0.9515     0.0284     0.0221     1.0000
   3668.7249  -169.1054     0.9611     0.0285     0.0217     1.0000
   3668.7556  -166.5982     0.9949     0.0290     0.0214     1.0000
   3668.7861  -164.1072     0.9718     0.0284     0.0214     1.0000
   3668.8167  -161.6082     0.9263     0.0276     0.0217     1.0000
   3668.8472  -159.1172     0.9797     0.0289     0.0222     1.0000
   3668.8779  -156.6100     0.9423     0.0284     0.0208     1.0000
   3668.9084  -154.1191     0.9443     0.0300     0.0230     1.0000
   3668.9390  -151.6200     0.8990     0.0282     0.0226     1.0000
   3668.9697  -149.1127     0.7970     0.0258     0.0200     1.0000
   3669.0002  -146.6218     0.7431     0.0250     0.0186     1.0000
   3669.0308  -144.1227     0.7383     0.0247     0.0184     1.0000
   3669.0615  -141.6154     0.8534     0.0269     0.0215     1.0000
   3669.0920  -139.1245     0.8735     0.0272     0.0214     1.0000
   3669.1226  -136.6254     0.9559     0.0285     0.0219     1.0000
   3669.1533  -134.1182     0.9851     0.0293     0.0219     1.0000
   3669.1838  -131.6272     0.9589     0.0289     0.0231     1.0000
   3669.2144  -129.1282     0.9325     0.0284     0.0223     1.0000
   3669.2451  -126.6209     0.9639     0.0289     0.0217     1.0000
   3669.2756  -124.1300     0.9937     0.0298     0.0216     1.0000
   3669.3061  -121.6390     0.9981     0.0291     0.0226     1.0000
   3669.3369  -119.1236     1.0175     0.0300     0.0233     1.0000
   3669.3674  -116.6327     1.0359     0.0300     0.0224     1.0000
   3669.3980  -114.1336     0.9570     0.0314     0.0221     1.0000
   3669.4287  -111.6264     0.9701     0.0316     0.0250     1.0000
   3669.4592  -109.1354     0.9422     0.0312     0.0243     1.0000
   3669.4898  -106.6363     0.9535     0.0314     0.0226     1.0000
   3669.5205  -104.1291     0.9617     0.0315     0.0220     1.0000
   3669.5510  -101.6382     0.9880     0.0291     0.0217     1.0000
   3669.5815   -99.1472     0.9885     0.0296     0.0230     1.0000
   3669.6123   -96.6318     1.0064     0.0293     0.0223     1.0000
   3669.6428   -94.1409     0.9119     0.0275     0.0200     1.0000
   3669.6733   -91.6500     0.8322     0.0263     0.0195     1.0000
   3669.7041   -89.1345     0.6920     0.0240     0.0188     1.0000
   3669.7346   -86.6436     0.4551     0.0205     0.0154     1.0000
   3669.7651   -84.1527     0.1969     0.0130     0.0096     1.0000
   3669.7959   -81.6373     0.0641     0.0088     0.0060     1.0000
   3669.8264   -79.1463     0.0088     0.0068     0.0049     1.0000
   3669.8569   -76.6554     0.0096     0.0065     0.0054     1.0000
   3669.8877   -74.1400    -0.0034     0.0062     0.0049     1.0000
   3669.9182   -71.6491    -0.0001     0.0074     0.0051     1.0000
   3669.9490   -69.1337     0.0095     0.0069     0.0048     1.0000
   3669.9795   -66.6427     0.0115     0.0067     0.0053     1.0000
   3670.0100   -64.1518    -0.0060     0.0065     0.0054     1.0000
   3670.0408   -61.6364    -0.0005     0.0061     0.0042     1.0000
   3670.0713   -59.1455     0.0079     0.0064     0.0045     1.0000
   3670.1018   -56.6545     0.0078     0.0064     0.0049     1.0000
   3670.1326   -54.1391     0.0129     0.0070     0.0057     1.0000
   3670.1631   -51.6482     0.0186     0.0075     0.0054     1.0000
   3670.1936   -49.1573     0.0260     0.0075     0.0052     1.0000
   3670.2244   -46.6418     0.0287     0.0072     0.0054     1.0000
   3670.2549   -44.1509     0.0257     0.0070     0.0059     1.0000
   3670.2854   -41.6600    -0.0049     0.0070     0.0051     1.0000
   3670.3162   -39.1446     0.0162     0.0067     0.0045     1.0000
   3670.3467   -36.6536     0.0184     0.0067     0.0049     1.0000
   3670.3774   -34.1464     0.0146     0.0075     0.0061     1.0000
   3670.4080   -31.6473     0.0106     0.0071     0.0057     1.0000
   3670.4385   -29.1564     0.0011     0.0062     0.0041     1.0000
   3670.4692   -26.6491     0.0027     0.0062     0.0043     1.0000
   3670.4998   -24.1500     0.0008     0.0070     0.0057     1.0000
   3670.5303   -21.6591    -0.0087     0.0067     0.0055     1.0000
   3670.5610   -19.1518    -0.0127     0.0063     0.0043     1.0000
   3670.5916   -16.6528     0.0117     0.0069     0.0044     1.0000
   3670.6223   -14.1455     0.0357     0.0075     0.0058     1.0000
   3670.6528   -11.6546     0.0139     0.0074     0.0064     1.0000
   3670.6833    -9.1637     0.0069     0.0069     0.0050     1.0000
   3670.7141    -6.6482     0.0081     0.0071     0.0047     1.0000
   3670.7446    -4.1573     0.0148     0.0078     0.0055     1.0000
   3670.7751    -1.6664     0.0063     0.0076     0.0064     1.0000
   3670.8059     0.8490     0.0197     0.0076     0.0061     1.0000
   3670.8364     3.3400    -0.0065     0.0067     0.0043     1.0000
   3670.8672     5.8554     0.0016     0.0069     0.0048     1.0000
   3670.8977     8.3463     0.0034     0.0075     0.0062     1.0000
   3670.9282    10.8372    -0.0014     0.0068     0.0056     1.0000
   3670.9590    13.3527    -0.0083     0.0060     0.0039     1.0000
   3670.9895    15.8436     0.0015     0.0063     0.0041     1.0000
   3671.0203    18.3590     0.0177     0.0069     0.0055     1.0000
   3671.0508    20.8499    -0.0006     0.0063     0.0054     1.0000
   3671.0813    23.3409     0.0104     0.0068     0.0050     1.0000
   3671.1121    25.8563     0.0289     0.0081     0.0052     1.0000
   3671.1426    28.3472     0.0304     0.0083     0.0058     1.0000
   3671.1733    30.8545     0.0213     0.0078     0.0067     1.0000
   3671.2039    33.3535    -0.0137     0.0065     0.0052     1.0000
   3671.2344    35.8445     0.0106     0.0071     0.0047     1.0000
   3671.2651    38.3517     0.0133     0.0065     0.0045     1.0000
   3671.2957    40.8508     0.0022     0.0060     0.0048     1.0000
   3671.3264    43.3581     0.0238     0.0069     0.0058     1.0000
   3671.3569    45.8490     0.0031     0.0062     0.0042     1.0000
   3671.3875    48.3481    -0.0002     0.0058     0.0039     1.0000
   3671.4182    50.8553     0.0043     0.0060     0.0046     1.0000
   3671.4487    53.3463     0.0197     0.0065     0.0056     1.0000
   3671.4795    55.8617     0.0024     0.0062     0.0047     1.0000
   3671.5100    58.3526     0.0153     0.0069     0.0047     1.0000
   3671.5405    60.8435     0.0204     0.0071     0.0051     1.0000
   3671.5713    63.3590     0.0168     0.0064     0.0054     1.0000
   3671.6018    65.8499     0.0086     0.0063     0.0051     1.0000
   3671.6326    68.3653     0.0176     0.0067     0.0046     1.0000
   3671.6631    70.8562     0.0102     0.0063     0.0043     1.0000
   3671.6936    73.3472     0.0101     0.0063     0.0050     1.0000
   3671.7244    75.8626     0.0311     0.0077     0.0066     1.0000
   3671.7549    78.3535     0.0395     0.0079     0.0059     1.0000
   3671.7856    80.8608     0.0873     0.0103     0.0073     1.0000
   3671.8162    83.3599     0.2634     0.0149     0.0108     1.0000
   3671.8467    85.8508     0.4760     0.0199     0.0165     1.0000
   3671.8774    88.3580     0.5721     0.0219     0.0170     1.0000
   3671.9080    90.8571     0.4835     0.0197     0.0137     1.0000
   3671.9387    93.3644     0.3113     0.0159     0.0119     1.0000
   3671.9692    95.8553     0.2030     0.0133     0.0104     1.0000
   3672.0000    98.3707     0.2248     0.0161     0.0121     1.0000
   3672.0305   100.8617     0.2957     0.0165     0.0120     1.0000
   3672.0610   103.3526     0.4152     0.0192     0.0134     1.0000
   3672.0918   105.8680     0.5359     0.0207     0.0159     1.0000
   3672.1223   108.3589     0.7042     0.0238     0.0194     1.0000
   3672.1531   110.8743     0.8439     0.0264     0.0199     1.0000
   3672.1836   113.3653     0.9289     0.0278     0.0200     1.0000
   3672.2144   115.8807     0.9873     0.0288     0.0219     1.0000
   3672.2449   118.3716     1.0189     0.0293     0.0231     1.0000
   3672.2754   120.8625     1.0012     0.0290     0.0225     1.0000
   3672.3061   123.3698     0.9761     0.0285     0.0203     1.0000
   3672.3367   125.8689     0.9657     0.0281     0.0208     1.0000
   3672.3674   128.3761     1.0039     0.0287     0.0224     1.0000
   3672.3980   130.8752     1.0092     0.0291     0.0233     1.0000
   3672.4287   133.3825     0.9885     0.0286     0.0214     1.0000
   3672.4592   135.8734     0.9774     0.0284     0.0202     1.0000
   3672.4898   138.3725     0.9937     0.0283     0.0213     1.0000
   3672.5205   140.8798     0.9647     0.0279     0.0220     1.0000
   3672.5510   143.3707     0.9987     0.0287     0.0227     1.0000
   3672.5818   145.8861     0.9842     0.0285     0.0204     1.0000
   3672.6123   148.3770     0.9509     0.0281     0.0208     1.0000
   3672.6431   150.8925     0.9855     0.0286     0.0223     1.0000
   3672.6736   153.3834     1.0016     0.0287     0.0230     1.0000
   3672.7043   155.8906     1.0187     0.0291     0.0223     1.0000
   3672.7349   158.3897     1.0154     0.0291     0.0206     1.0000
   3672.7656   160.8970     1.0099     0.0290     0.0214     1.0000
   3672.7961   163.3879     1.0202     0.0289     0.0230     1.0000
   3672.8267   165.8870     0.9867     0.0284     0.0227     1.0000
   3672.8574   168.3943     1.0233     0.0289     0.0210     1.0000
   3672.8879   170.8852     1.0195     0.0290     0.0212     1.0000
   3672.9187   173.4006     0.9896     0.0285     0.0220     1.0000
   3672.9492   175.8915     0.9618     0.0281     0.0224     1.0000
   3672.9800   178.4070     1.0150     0.0288     0.0225     1.0000
   3673.0105   180.8979     1.0061     0.0286     0.0202     1.0000
   3673.0413   183.4133     0.9990     0.0286     0.0209     1.0000
   3673.0718   185.9042     1.0126     0.0288     0.0225     1.0000
   3673.1025   188.4115     0.9757     0.0283     0.0228     1.0000
   3673.1331   190.9106     1.0220     0.0289     0.0217     1.0000
   3673.1636   193.4015     1.0101     0.0287     0.0206     1.0000
   3673.1943   195.9088     1.0212     0.0287     0.0217     1.0000
   3673.2249   198.4078     1.0103     0.0285     0.0227     1.0000
   3673.2556   200.9151     0.9995     0.0284     0.0227     1.0000
   3673.2861   203.4060     1.0091     0.0285     0.0205     1.0000
   3673.3169   205.9214     0.9954     0.0283     0.0207     1.0000
   3673.3474   208.4124     0.9800     0.0282     0.0218     1.0000
   3673.3782   210.9278     1.0081     0.0286     0.0230     1.0000
   3673.4087   213.4187     1.0527     0.0293     0.0227     1.0000
   3673.4394   215.9260     1.0393     0.0291     0.0207     1.0000
   3673.4700   218.4251     1.0236     0.0286     0.0212     1.0000
   3673.5007   220.9323     1.0246     0.0285     0.0221     1.0000
   3673.5312   223.4232     1.0032     0.0283     0.0229     1.0000
   3673.5620   225.9387     1.0032     0.0283     0.0213     1.0000
   3673.5925   228.4296     0.9939     0.0283     0.0200     1.0000
   3673.6233   230.9450     1.0168     0.0287     0.0216     1.0000
   3673.6538   233.4359     1.0167     0.0286     0.0227     1.0000
   3673.6843   235.9269     0.9886     0.0281     0.0224     1.0000
   3673.7151   238.4423     1.0005     0.0284     0.0207     1.0000
   3673.7456   240.9332     0.9717     0.0280     0.0204     1.0000
   3673.7764   243.4486     0.9907     0.0283     0.0217     1.0000
   3673.8069   245.9396     1.0252     0.0288     0.0232     1.0000
   3673.8376   248.4468     1.0264     0.0285     0.0227     1.0000
   3673.8682   250.9459     1.0060     0.0282     0.0201     1.0000
   3673.8989   253.4532     1.0046     0.0278     0.0204     1.0000
   3673.9294   255.9441     1.0174     0.0281     0.0217     1.0000
   3673.9602   258.4595     1.0277     0.0314     0.0237     1.0000
   3673.9907   260.9504     0.9739     0.0295     0.0232     1.0000
   3674.0215   263.4659     0.9900     0.0298     0.0209     1.0000
   3674.0520   265.9568     1.0026     0.0281     0.0208     1.0000
   3674.0828   268.4722     1.0177     0.0285     0.0221     1.0000
   3674.1133   270.9631     1.0189     0.0287     0.0232     1.0000
   3674.1440   273.4704     1.0312     0.0288     0.0217     1.0000
   3674.1746   275.9695     1.0388     0.0289     0.0207     1.0000
   3674.2053   278.4767     1.0408     0.0289     0.0216     1.0000
   3674.2358   280.9677     1.0670     0.0291     0.0230     1.0000
   3674.2666   283.4831     1.0014     0.0281     0.0226     1.0000
   3674.2971   285.9740     1.0130     0.0284     0.0209     1.0000
   3674.3279   288.4894     0.9962     0.0282     0.0206     1.0000
   3674.3584   290.9804     0.9992     0.0284     0.0216     1.0000
   3674.3892   293.4958     1.0241     0.0288     0.0230     1.0000
   3674.4197   295.9867     1.0193     0.0286     0.0230     1.0000
   3674.4504   298.4940     1.0318     0.0286     0.0207     1.0000
   3674.4810   300.9930     1.0284     0.0286     0.0210     1.0000
   3674.5117   303.5003     1.0150     0.0283     0.0216     1.0000
   3674.5422   305.9912     0.9891     0.0281     0.0228     1.0000
   3674.5730   308.5067     1.0002     0.0284     0.0228     1.0000
   3674.6035   310.9976     1.0307     0.0288     0.0206     1.0000
   3674.6343   313.5130     1.0142     0.0284     0.0211     1.0000
   3674.6648   316.0039     0.9957     0.0281     0.0215     1.0000
   3674.6956   318.5193     1.0104     0.0281     0.0229     1.0000
   3674.7261   321.0103     1.0063     0.0281     0.0223     1.0000
   3674.7568   323.5175     1.0367     0.0286     0.0204     1.0000
   3674.7874   326.0166     1.0109     0.0283     0.0211     1.0000
   3674.8181   328.5239     0.9783     0.0278     0.0214     1.0000
   3674.8489   331.0393     0.9952     0.0276     0.0225     1.0000
   3674.8794   333.5302     1.0103     0.0278     0.0218     1.0000
   3674.9102   336.0456     1.0255     0.0279     0.0200     1.0000
   3674.9407   338.5366     1.0056     0.0276     0.0204     1.0000
   3674.9714   341.0438     1.0025     0.0275     0.0211     1.0000
   3675.0019   343.5347     0.9850     0.0274     0.0224     1.0000
   3675.0327   346.0502     0.9883     0.0276     0.0215     1.0000
   3675.0632   348.5411     0.9701     0.0273     0.0194     1.0000
   3675.0940   351.0565     0.9989     0.0279     0.0208     1.0000
   3675.1245   353.5474     0.9847     0.0296     0.0229     1.0000
   3675.1553   356.0629     0.9461     0.0282     0.0227     1.0000
   3675.1858   358.5538     0.9895     0.0277     0.0214     1.0000
   3675.2166   361.0692     1.0108     0.0280     0.0201     1.0000
   3675.2471   363.5601     0.9950     0.0276     0.0205     1.0000
   3675.2778   366.0674     0.9864     0.0277     0.0212     1.0000
   3675.3083   368.5583     1.0015     0.0280     0.0229     1.0000
   3675.3391   371.0737     0.9675     0.0294     0.0224     1.0000
   3675.3699   373.5892     0.9727     0.0295     0.0213     1.0000
   3675.4004   376.0801     0.9755     0.0298     0.0216     1.0000
   3675.4311   378.5873     0.9656     0.0284     0.0222     1.0000
   3675.4617   381.0864     1.0193     0.0315     0.0250     1.0000
   3675.4924   383.5937     1.0490     0.0318     0.0241     1.0000
   3675.5230   386.0928     1.0176     0.0291     0.0212     1.0000
   3675.5537   388.6000     1.0113     0.0276     0.0206     1.0000
   3675.5842   391.0910     0.9672     0.0270     0.0206     1.0000
   3675.6150   393.6064     1.0155     0.0279     0.0229     1.0000
   3675.6455   396.0973     1.0050     0.0278     0.0218     1.0000
   3675.6763   398.6127     0.9923     0.0278     0.0199     1.0000
   3675.7070   401.1200     0.9772     0.0278     0.0206     1.0000
   3675.7375   403.6109     0.9910     0.0281     0.0216     1.0000
   3675.7683   406.1263     0.9756     0.0279     0.0228     1.0000
   3675.7988   408.6173     1.0036     0.0282     0.0223     1.0000
   3675.8296   411.1327     0.9969     0.0280     0.0201     1.0000
   3675.8601   413.6236     0.9979     0.0281     0.0209     1.0000
   3675.8909   416.1390     0.9904     0.0281     0.0214     1.0000
   3675.9214   418.6300     0.9987     0.0282     0.0231     1.0000
   3675.9522   421.1454     0.9683     0.0277     0.0222     1.0000
   3675.9829   423.6526     1.0005     0.0281     0.0203     1.0000
   3676.0134   426.1436     1.0271     0.0285     0.0211     1.0000
   3676.0442   428.6590     1.0289     0.0286     0.0218     1.0000
   3676.0747   431.1499     1.0433     0.0286     0.0232     1.0000
   3676.1055   433.6653     1.0270     0.0282     0.0228     1.0000
   3676.1360   436.1563     1.0317     0.0283     0.0205     1.0000
   3676.1667   438.6635     0.9993     0.0279     0.0208     1.0000
   3676.1973   441.1626     0.9566     0.0274     0.0210     1.0000
   3676.2280   443.6699     0.9831     0.0277     0.0221     1.0000
   3676.2588   446.1853     1.0269     0.0283     0.0230     1.0000
   3676.2893   448.6762     0.9796     0.0277     0.0204     1.0000
   3676.3201   451.1916     0.9833     0.0279     0.0204     1.0000
   3676.3506   453.6826     1.0118     0.0283     0.0214     1.0000
   3676.3814   456.1980     1.0290     0.0284     0.0223     1.0000
   3676.4119   458.6889     1.0434     0.0287     0.0233     1.0000
   3676.4426   461.1962     0.9862     0.0279     0.0208     1.0000
   3676.4734   463.7116     1.0004     0.0280     0.0206     1.0000
   3676.5039   466.2025     0.9832     0.0277     0.0207     1.0000
   3676.5347   468.7179     0.9933     0.0276     0.0213     1.0000
   3676.5652   471.2089     1.0076     0.0279     0.0230     1.0000
   3676.5959   473.7161     0.9890     0.0277     0.0216     1.0000
   3676.6267   476.2315     0.9820     0.0277     0.0199     1.0000
   3676.6572   478.7225     1.0082     0.0283     0.0213     1.0000
   3676.6880   481.2379     1.0317     0.0286     0.0219     1.0000
   3676.7185   483.7288     1.0512     0.0288     0.0235     1.0000
   3676.7493   486.2442     1.0079     0.0283     0.0225     1.0000
   3676.7798   488.7352     1.0237     0.0285     0.0208     1.0000
   3676.8106   491.2506     0.9833     0.0280     0.0206     1.0000
   3676.8413   493.7578     1.0018     0.0283     0.0216     1.0000
   3676.8718   496.2488     1.0159     0.0286     0.0229     1.0000
   3676.9026   498.7642     1.0270     0.0287     0.0231     1.0000
   3676.9331   501.2551     1.0129     0.0285     0.0211     1.0000
   3676.9639   503.7705     1.0313     0.0288     0.0214     1.0000
   3676.9946   506.2778     1.0167     0.0300     0.0227     1.0000
   3677.0251   508.7687     1.0510     0.0308     0.0242     1.0000
   3677.0559   511.2841     1.0153     0.0302     0.0243     1.0000
   3677.0864   513.7751     0.9525     0.0273     0.0208     1.0000
   3677.1172   516.2905     0.9803     0.0274     0.0200     1.0000
   3677.1480   518.8059     0.9518     0.0269     0.0201     1.0000
   3677.1785   521.2968     0.9770     0.0273     0.0209     1.0000
   3677.2092   523.8041     1.0305     0.0283     0.0228     1.0000
   3677.2398   526.3032     0.9857     0.0280     0.0220     1.0000
   3677.2705   528.8104     0.9683     0.0276     0.0202     1.0000
   3677.3013   531.3259     1.0005     0.0281     0.0211     1.0000
   3677.3318   533.8168     1.0066     0.0281     0.0215     1.0000
   3677.3625   536.3240     0.9926     0.0279     0.0222     1.0000
   3677.3931   538.8231     0.9853     0.0277     0.0226     1.0000
   3677.4238   541.3304     0.9393     0.0271     0.0202     1.0000
   3677.4546   543.8458     0.9547     0.0273     0.0203     1.0000
   3677.4851   546.3367     0.9719     0.0277     0.0212     1.0000
   3677.5159   548.8522     0.9686     0.0276     0.0213     1.0000
   3677.5464   551.3431     0.9566     0.0274     0.0219     1.0000
   3677.5772   553.8585     1.0285     0.0284     0.0223     1.0000
   3677.6079   556.3658     1.0246     0.0284     0.0209     1.0000
   3677.6384   558.8567     0.9760     0.0276     0.0208     1.0000
   3677.6692   561.3721     0.9799     0.0274     0.0210     1.0000
   3677.7000   563.8875     0.9663     0.0271     0.0216     1.0000
   3677.7305   566.3785     1.0338     0.0281     0.0229     1.0000
   3677.7612   568.8857     1.0450     0.0285     0.0213     1.0000
   3677.7917   571.3766     1.0427     0.0285     0.0213     1.0000
   3677.8225   573.8921     1.0094     0.0283     0.0216     1.0000
   3677.8533   576.4075     1.0044     0.0282     0.0219     1.0000
   3677.8838   578.8984     0.9791     0.0279     0.0224     1.0000
   3677.9145   581.4057     0.9750     0.0278     0.0217     1.0000
   3677.9451   583.9048     0.9788     0.0278     0.0205     1.0000
   3677.9758   586.4120     0.9838     0.0281     0.0212     1.0000
   3678.0066   588.9274     0.9778     0.0281     0.0216     1.0000
   3678.0371   591.4184     0.9813     0.0280     0.0223     1.0000
   3678.0679   593.9338     0.9300     0.0271     0.0219     1.0000
   3678.0986   596.4410     0.9478     0.0272     0.0206     1.0000
   3678.1292   598.9401     0.9965     0.0277     0.0206     1.0000
   3678.1599   601.4474     0.9894     0.0274     0.0210     1.0000
   3678.1907   603.9628     0.9843     0.0275     0.0211     1.0000
