   3376.0127  -591.6699     0.9699     0.0310     0.0250     1.0000
   3376.0408  -589.1796     0.9851     0.0314     0.0226     1.0000
   3376.0689  -586.6892     0.9844     0.0311     0.0227     1.0000
   3376.0972  -584.1811     0.9989     0.0314     0.0259     1.0000
   3376.1252  -581.6996     0.9927     0.0320     0.0262     1.0000
   3376.1533  -579.2092     0.9167     0.0308     0.0221     1.0000
   3376.1816  -576.7011     0.9713     0.0316     0.0234     1.0000
   3376.2097  -574.2107     0.9806     0.0312     0.0259     1.0000
   3376.2378  -571.7203     0.9847     0.0313     0.0257     1.0000
   3376.2661  -569.2122     0.9994     0.0318     0.0232     1.0000
   3376.2942  -566.7219     0.9686     0.0309     0.0224     1.0000
   3376.3223  -564.2315     0.9983     0.0312     0.0259     1.0000
   3376.3506  -561.7234     1.0296     0.0333     0.0274     1.0000
   3376.3787  -559.2330     0.9617     0.0305     0.0220     1.0000
   3376.4067  -556.7515     0.9954     0.0313     0.0230     1.0000
   3376.4351  -554.2345     0.9803     0.0312     0.0257     1.0000
   3376.4631  -551.7530     0.9875     0.0313     0.0258     1.0000
   3376.4912  -549.2626     0.9990     0.0316     0.0232     1.0000
   3376.5195  -546.7545     1.0121     0.0326     0.0231     1.0000
   3376.5476  -544.2642     0.9674     0.0316     0.0256     1.0000
   3376.5757  -541.7738     1.0143     0.0328     0.0271     1.0000
   3376.6040  -539.2657     1.0098     0.0323     0.0235     1.0000
   3376.6321  -536.7753     1.0132     0.0331     0.0230     1.0000
   3376.6602  -534.2849     0.9707     0.0324     0.0260     1.0000
   3376.6885  -531.7768     0.9847     0.0323     0.0266     1.0000
   3376.7166  -529.2865     1.0077     0.0352     0.0252     1.0000
   3376.7446  -526.8049     0.9622     0.0345     0.0236     1.0000
   3376.7730  -524.2880     0.9788     0.0339     0.0265     1.0000
   3376.8010  -521.8065     0.9998     0.0327     0.0273     1.0000
   3376.8291  -519.3161     0.9818     0.0317     0.0237     1.0000
   3376.8574  -516.8080     0.9998     0.0319     0.0221     1.0000
   3376.8855  -514.3176     0.9980     0.0318     0.0251     1.0000
   3376.9136  -511.8272     0.9746     0.0321     0.0268     1.0000
   3376.9419  -509.3191     1.0024     0.0317     0.0238     1.0000
   3376.9700  -506.8288     0.9836     0.0316     0.0218     1.0000
   3376.9981  -504.3384     0.9456     0.0312     0.0244     1.0000
   3377.0264  -501.8303     0.9637     0.0310     0.0261     1.0000
   3377.0544  -499.3488     1.0407     0.0331     0.0254     1.0000
   3377.0825  -496.8584     1.0084     0.0329     0.0224     1.0000
   3377.1108  -494.3503     0.9715     0.0325     0.0252     1.0000
   3377.1389  -491.8599     0.9926     0.0337     0.0286     1.0000
   3377.1670  -489.3695     0.9929     0.0337     0.0261     1.0000
   3377.1953  -486.8614     0.9888     0.0324     0.0226     1.0000
   3377.2234  -484.3711     1.0125     0.0336     0.0248     1.0000
   3377.2517  -481.8630     1.0303     0.0332     0.0281     1.0000
   3377.2798  -479.3726     0.9897     0.0320     0.0255     1.0000
   3377.3079  -476.8822     1.0053     0.0323     0.0226     1.0000
   3377.3362  -474.3741     1.0041     0.0322     0.0234     1.0000
   3377.3643  -471.8837     1.0073     0.0318     0.0265     1.0000
   3377.3923  -469.4022     1.0322     0.0330     0.0267     1.0000
   3377.4207  -466.8852     0.9899     0.0325     0.0224     1.0000
   3377.4487  -464.4037     0.9831     0.0326     0.0229     1.0000
   3377.4768  -461.9134     0.9912     0.0324     0.0263     1.0000
   3377.5051  -459.4053     0.9425     0.0311     0.0256     1.0000
   3377.5332  -456.9149     0.9642     0.0321     0.0231     1.0000
   3377.5613  -454.4245     0.9899     0.0322     0.0223     1.0000
   3377.5896  -451.9164     1.0005     0.0333     0.0262     1.0000
   3377.6177  -449.4260     0.9944     0.0325     0.0272     1.0000
   3377.6460  -446.9179     1.0051     0.0326     0.0242     1.0000
   3377.6741  -444.4275     1.0205     0.0332     0.0221     1.0000
   3377.7022  -441.9372     1.0551     0.0337     0.0264     1.0000
   3377.7305  -439.4291     0.9647     0.0317     0.0271     1.0000
   3377.7585  -436.9476     0.9451     0.0321     0.0246     1.0000
   3377.7866  -434.4572     0.9402     0.0323     0.0211     1.0000
   3377.8149  -431.9491     0.9689     0.0323     0.0240     1.0000
   3377.8430  -429.4587     1.0147     0.0331     0.0282     1.0000
   3377.8713  -426.9506     1.0104     0.0329     0.0258     1.0000
   3377.8994  -424.4602     0.9814     0.0324     0.0214     1.0000
   3377.9275  -421.9698     0.9881     0.0325     0.0233     1.0000
   3377.9558  -419.4617     1.0063     0.0333     0.0276     1.0000
   3377.9839  -416.9714     0.9516     0.0324     0.0260     1.0000
   3378.0120  -414.4810     0.9813     0.0331     0.0227     1.0000
   3378.0403  -411.9729     0.9792     0.0330     0.0224     1.0000
   3378.0684  -409.4825     0.9781     0.0330     0.0263     1.0000
   3378.0967  -406.9744     1.0243     0.0335     0.0276     1.0000
   3378.1248  -404.4840     0.9947     0.0332     0.0235     1.0000
   3378.1528  -402.0025     0.9837     0.0334     0.0221     1.0000
   3378.1811  -399.4944     0.9818     0.0333     0.0261     1.0000
   3378.2092  -397.0040     0.9510     0.0321     0.0272     1.0000
   3378.2375  -394.4959     0.9953     0.0331     0.0251     1.0000
   3378.2656  -392.0056     1.0250     0.0337     0.0221     1.0000
   3378.2937  -389.5152     1.0353     0.0338     0.0252     1.0000
   3378.3220  -387.0071     1.0493     0.0340     0.0290     1.0000
   3378.3501  -384.5167     1.0259     0.0333     0.0262     1.0000
   3378.3784  -382.0086     1.0060     0.0332     0.0219     1.0000
   3378.4065  -379.5182     0.9978     0.0331     0.0236     1.0000
   3378.4346  -377.0279     0.9988     0.0330     0.0272     1.0000
   3378.4629  -374.5198     0.9928     0.0328     0.0264     1.0000
   3378.4910  -372.0294     1.0466     0.0339     0.0234     1.0000
   3378.5193  -369.5213     1.0518     0.0341     0.0229     1.0000
   3378.5474  -367.0309     1.0280     0.0339     0.0267     1.0000
   3378.5754  -364.5494     1.0367     0.0337     0.0282     1.0000
   3378.6038  -362.0324     1.0171     0.0334     0.0244     1.0000
   3378.6318  -359.5509     1.0373     0.0340     0.0223     1.0000
   3378.6602  -357.0340     1.0291     0.0342     0.0263     1.0000
   3378.6882  -354.5524     1.0209     0.0335     0.0287     1.0000
   3378.7163  -352.0621     1.0237     0.0333     0.0259     1.0000
   3378.7446  -349.5540     1.0343     0.0336     0.0222     1.0000
   3378.7727  -347.0636     1.0528     0.0340     0.0244     1.0000
   3378.8010  -344.5555     1.0045     0.0333     0.0274     1.0000
   3378.8291  -342.0651     1.0652     0.0340     0.0276     1.0000
   3378.8572  -339.5747     1.0573     0.0338     0.0231     1.0000
   3378.8855  -337.0666     1.0388     0.0335     0.0227     1.0000
   3378.9136  -334.5763     1.0185     0.0332     0.0264     1.0000
   3378.9419  -332.0681     1.0243     0.0332     0.0277     1.0000
   3378.9700  -329.5778     1.0077     0.0328     0.0243     1.0000
   3378.9981  -327.0874     0.9554     0.0318     0.0208     1.0000
   3379.0264  -324.5793     0.9518     0.0317     0.0241     1.0000
   3379.0544  -322.0978     1.0188     0.0328     0.0280     1.0000
   3379.0828  -319.5808     1.0315     0.0327     0.0258     1.0000
   3379.1108  -317.0993     0.9802     0.0318     0.0210     1.0000
   3379.1392  -314.5823     0.9694     0.0317     0.0223     1.0000
   3379.1672  -312.1008     0.9752     0.0320     0.0261     1.0000
   3379.1953  -309.6104     0.9882     0.0323     0.0264     1.0000
   3379.2236  -307.1023     0.9962     0.0326     0.0230     1.0000
   3379.2517  -304.6120     1.0098     0.0329     0.0219     1.0000
   3379.2800  -302.1039     1.0413     0.0334     0.0261     1.0000
   3379.3081  -299.6135     1.0259     0.0330     0.0280     1.0000
   3379.3364  -297.1054     0.9868     0.0321     0.0246     1.0000
   3379.3645  -294.6150     0.9858     0.0320     0.0211     1.0000
   3379.3926  -292.1246     0.9812     0.0320     0.0235     1.0000
   3379.4209  -289.6165     0.9899     0.0320     0.0268     1.0000
   3379.4490  -287.1262     0.9988     0.0319     0.0258     1.0000
   3379.4773  -284.6181     1.0131     0.0321     0.0221     1.0000
   3379.5054  -282.1277     1.0309     0.0324     0.0221     1.0000
   3379.5337  -279.6196     1.0211     0.0323     0.0256     1.0000
   3379.5618  -277.1292     1.0408     0.0330     0.0277     1.0000
   3379.5898  -274.6477     1.0200     0.0324     0.0240     1.0000
   3379.6182  -272.1307     1.0139     0.0322     0.0213     1.0000
   3379.6462  -269.6492     0.9990     0.0320     0.0241     1.0000
   3379.6746  -267.1323     0.9851     0.0318     0.0269     1.0000
   3379.7026  -264.6507     0.9700     0.0315     0.0251     1.0000
   3379.7310  -262.1338     0.9600     0.0312     0.0212     1.0000
   3379.7590  -259.6523     0.9625     0.0313     0.0217     1.0000
   3379.7871  -257.1619     0.9611     0.0313     0.0252     1.0000
   3379.8154  -254.6538     1.0301     0.0326     0.0272     1.0000
   3379.8435  -252.1634     0.9959     0.0321     0.0234     1.0000
   3379.8718  -249.6553     0.9915     0.0321     0.0213     1.0000
   3379.8999  -247.1649     1.0049     0.0323     0.0246     1.0000
   3379.9282  -244.6568     0.9811     0.0318     0.0268     1.0000
   3379.9563  -242.1665     0.9732     0.0319     0.0254     1.0000
   3379.9846  -239.6583     0.9984     0.0322     0.0220     1.0000
   3380.0127  -237.1680     1.0051     0.0322     0.0223     1.0000
   3380.0408  -234.6776     1.0020     0.0323     0.0261     1.0000
   3380.0691  -232.1695     1.0299     0.0330     0.0275     1.0000
   3380.0972  -229.6791     0.9812     0.0319     0.0234     1.0000
   3380.1255  -227.1710     0.9622     0.0313     0.0208     1.0000
   3380.1536  -224.6806     0.9657     0.0314     0.0237     1.0000
   3380.1819  -222.1725     0.9784     0.0315     0.0265     1.0000
   3380.2100  -219.6822     1.0138     0.0323     0.0259     1.0000
   3380.2383  -217.1741     1.0016     0.0321     0.0221     1.0000
   3380.2664  -214.6837     1.0122     0.0322     0.0220     1.0000
   3380.2947  -212.1756     1.0387     0.0330     0.0265     1.0000
   3380.3227  -209.6941     1.0080     0.0325     0.0271     1.0000
   3380.3511  -207.1771     0.9901     0.0321     0.0240     1.0000
   3380.3792  -204.6867     0.9731     0.0319     0.0212     1.0000
   3380.4072  -202.2052     0.9750     0.0321     0.0238     1.0000
   3380.4356  -199.6883     1.0094     0.0327     0.0274     1.0000
   3380.4636  -197.2067     1.0497     0.0359     0.0286     1.0000
   3380.4919  -194.6986     1.0267     0.0327     0.0231     1.0000
   3380.5200  -192.2083     1.0317     0.0329     0.0223     1.0000
   3380.5483  -189.7002     1.0151     0.0328     0.0260     1.0000
   3380.5764  -187.2098     0.9894     0.0318     0.0267     1.0000
   3380.6047  -184.7017     0.9410     0.0308     0.0234     1.0000
   3380.6328  -182.2113     0.9789     0.0314     0.0214     1.0000
   3380.6611  -179.7032     1.0027     0.0319     0.0227     1.0000
   3380.6892  -177.2128     1.0199     0.0321     0.0264     1.0000
   3380.7175  -174.7047     0.9894     0.0316     0.0261     1.0000
   3380.7456  -172.2143     1.0002     0.0319     0.0233     1.0000
   3380.7739  -169.7062     1.0058     0.0319     0.0215     1.0000
   3380.8020  -167.2159     0.9784     0.0315     0.0243     1.0000
   3380.8303  -164.7078     0.9822     0.0314     0.0264     1.0000
   3380.8584  -162.2174     1.0100     0.0317     0.0250     1.0000
   3380.8865  -159.7270     1.0130     0.0318     0.0222     1.0000
   3380.9148  -157.2189     1.0022     0.0317     0.0219     1.0000
   3380.9429  -154.7285     0.9734     0.0312     0.0250     1.0000
   3380.9712  -152.2204     0.9913     0.0313     0.0260     1.0000
   3380.9993  -149.7301     0.9958     0.0314     0.0236     1.0000
   3381.0276  -147.2220     0.9642     0.0307     0.0207     1.0000
   3381.0557  -144.7316     0.9698     0.0307     0.0223     1.0000
   3381.0840  -142.2235     1.0115     0.0315     0.0261     1.0000
   3381.1121  -139.7331     1.0259     0.0320     0.0262     1.0000
   3381.1404  -137.2250     1.0514     0.0325     0.0237     1.0000
   3381.1685  -134.7346     1.0283     0.0320     0.0217     1.0000
   3381.1968  -132.2265     0.9865     0.0313     0.0242     1.0000
   3381.2249  -129.7362     0.9582     0.0306     0.0256     1.0000
   3381.2532  -127.2280     0.9841     0.0311     0.0246     1.0000
   3381.2812  -124.7465     0.9591     0.0306     0.0216     1.0000
   3381.3096  -122.2296     0.9667     0.0308     0.0212     1.0000
   3381.3376  -119.7481     0.9928     0.0313     0.0253     1.0000
   3381.3660  -117.2311     0.9693     0.0308     0.0256     1.0000
   3381.3940  -114.7496     0.9813     0.0312     0.0238     1.0000
   3381.4224  -112.2326     0.9998     0.0317     0.0219     1.0000
   3381.4504  -109.7511     1.0184     0.0319     0.0227     1.0000
   3381.4788  -107.2341     1.0062     0.0318     0.0261     1.0000
   3381.5068  -104.7526     0.9629     0.0313     0.0256     1.0000
   3381.5352  -102.2357     0.9933     0.0317     0.0233     1.0000
   3381.5632   -99.7541     0.9919     0.0315     0.0214     1.0000
   3381.5916   -97.2372     0.9827     0.0313     0.0233     1.0000
   3381.6196   -94.7557     1.0353     0.0323     0.0269     1.0000
   3381.6480   -92.2387     1.0073     0.0316     0.0255     1.0000
   3381.6760   -89.7572     0.9657     0.0308     0.0223     1.0000
   3381.7043   -87.2491     0.9771     0.0310     0.0212     1.0000
   3381.7324   -84.7587     0.9849     0.0313     0.0243     1.0000
   3381.7607   -82.2506     0.9990     0.0317     0.0266     1.0000
   3381.7888   -79.7602     1.0029     0.0316     0.0249     1.0000
   3381.8171   -77.2521     0.9991     0.0314     0.0226     1.0000
   3381.8452   -74.7618     0.9784     0.0312     0.0216     1.0000
   3381.8735   -72.2537     0.9590     0.0309     0.0244     1.0000
   3381.9016   -69.7633     0.9643     0.0312     0.0260     1.0000
   3381.9299   -67.2552     0.9902     0.0320     0.0248     1.0000
   3381.9580   -64.7648     1.0076     0.0321     0.0229     1.0000
   3381.9863   -62.2567     0.9655     0.0312     0.0219     1.0000
   3382.0144   -59.7663     0.9523     0.0309     0.0252     1.0000
   3382.0427   -57.2582     0.8993     0.0298     0.0247     1.0000
   3382.0708   -54.7678     0.8266     0.0283     0.0214     1.0000
   3382.0991   -52.2597     0.7958     0.0274     0.0196     1.0000
   3382.1274   -49.7516     0.6977     0.0253     0.0178     1.0000
   3382.1555   -47.2613     0.7091     0.0257     0.0212     1.0000
   3382.1838   -44.7532     0.7140     0.0260     0.0212     1.0000
   3382.2119   -42.2628     0.7795     0.0273     0.0204     1.0000
   3382.2402   -39.7547     0.8326     0.0282     0.0197     1.0000
   3382.2683   -37.2643     0.8315     0.0281     0.0206     1.0000
   3382.2966   -34.7562     0.8097     0.0278     0.0229     1.0000
   3382.3247   -32.2658     0.8463     0.0286     0.0230     1.0000
   3382.3530   -29.7577     0.8589     0.0290     0.0217     1.0000
   3382.3811   -27.2674     0.8299     0.0283     0.0198     1.0000
   3382.4094   -24.7593     0.7966     0.0276     0.0205     1.0000
   3382.4375   -22.2689     0.7253     0.0264     0.0218     1.0000
   3382.4658   -19.7608     0.6819     0.0256     0.0205     1.0000
   3382.4939   -17.2704     0.6541     0.0249     0.0182     1.0000
   3382.5222   -14.7623     0.6543     0.0248     0.0173     1.0000
   3382.5503   -12.2719     0.6746     0.0250     0.0188     1.0000
   3382.5786    -9.7638     0.6884     0.0256     0.0212     1.0000
   3382.6069    -7.2557     0.7457     0.0265     0.0210     1.0000
   3382.6350    -4.7653     0.7737     0.0269     0.0198     1.0000
   3382.6633    -2.2572     0.7745     0.0269     0.0190     1.0000
   3382.6914     0.2331     0.7489     0.0266     0.0199     1.0000
   3382.7197     2.7412     0.7729     0.0270     0.0225     1.0000
   3382.7478     5.2316     0.7245     0.0260     0.0204     1.0000
   3382.7761     7.7397     0.7632     0.0268     0.0198     1.0000
   3382.8042    10.2301     0.7646     0.0266     0.0186     1.0000
   3382.8325    12.7382     0.7573     0.0264     0.0201     1.0000
   3382.8606    15.2286     0.7346     0.0260     0.0217     1.0000
   3382.8889    17.7367     0.7297     0.0279     0.0218     1.0000
   3382.9172    20.2448     0.7318     0.0259     0.0190     1.0000
   3382.9453    22.7351     0.7457     0.0262     0.0184     1.0000
   3382.9736    25.2432     0.7373     0.0260     0.0198     1.0000
   3383.0017    27.7336     0.7027     0.0253     0.0210     1.0000
   3383.0300    30.2417     0.6941     0.0250     0.0197     1.0000
   3383.0581    32.7321     0.6860     0.0248     0.0181     1.0000
   3383.0864    35.2402     0.6930     0.0249     0.0176     1.0000
   3383.1145    37.7306     0.6928     0.0249     0.0188     1.0000
   3383.1428    40.2387     0.7151     0.0253     0.0210     1.0000
   3383.1711    42.7468     0.7773     0.0265     0.0210     1.0000
   3383.1992    45.2372     0.8169     0.0273     0.0200     1.0000
   3383.2275    47.7453     0.8875     0.0287     0.0206     1.0000
   3383.2556    50.2356     0.9036     0.0290     0.0218     1.0000
   3383.2839    52.7437     0.8953     0.0292     0.0242     1.0000
   3383.3120    55.2341     0.8889     0.0290     0.0231     1.0000
   3383.3403    57.7422     0.8616     0.0284     0.0208     1.0000
   3383.3684    60.2326     0.8452     0.0281     0.0201     1.0000
   3383.3967    62.7407     0.8574     0.0282     0.0211     1.0000
   3383.4250    65.2488     0.8433     0.0279     0.0231     1.0000
   3383.4531    67.7392     0.8630     0.0283     0.0229     1.0000
   3383.4815    70.2561     0.8623     0.0284     0.0210     1.0000
   3383.5095    72.7376     0.9496     0.0300     0.0218     1.0000
   3383.5378    75.2458     0.9708     0.0307     0.0225     1.0000
   3383.5659    77.7361     1.0025     0.0314     0.0262     1.0000
   3383.5942    80.2442     0.9941     0.0314     0.0256     1.0000
   3383.6226    82.7612     1.0480     0.0322     0.0240     1.0000
   3383.6506    85.2427     1.0209     0.0315     0.0227     1.0000
   3383.6790    87.7597     1.0245     0.0314     0.0229     1.0000
   3383.7070    90.2412     1.0238     0.0315     0.0258     1.0000
   3383.7353    92.7493     0.9829     0.0308     0.0255     1.0000
   3383.7634    95.2397     0.9918     0.0309     0.0231     1.0000
   3383.7917    97.7478     1.0067     0.0314     0.0226     1.0000
   3383.8201   100.2647     1.0014     0.0314     0.0227     1.0000
   3383.8481   102.7462     0.9887     0.0312     0.0251     1.0000
   3383.8765   105.2632     0.9956     0.0312     0.0259     1.0000
   3383.9045   107.7447     1.0075     0.0312     0.0236     1.0000
   3383.9329   110.2617     1.0063     0.0313     0.0229     1.0000
   3383.9612   112.7698     1.0187     0.0317     0.0231     1.0000
   3383.9893   115.2602     1.0059     0.0317     0.0245     1.0000
   3384.0176   117.7683     1.0379     0.0320     0.0265     1.0000
   3384.0457   120.2586     1.0102     0.0314     0.0242     1.0000
   3384.0740   122.7667     0.9968     0.0312     0.0228     1.0000
   3384.1020   125.2483     1.0328     0.0317     0.0234     1.0000
   3384.1304   127.7652     0.9952     0.0310     0.0233     1.0000
   3384.1587   130.2733     0.9932     0.0310     0.0258     1.0000
   3384.1868   132.7637     0.9825     0.0306     0.0243     1.0000
   3384.2151   135.2718     0.9814     0.0306     0.0224     1.0000
   3384.2432   137.7622     1.0035     0.0311     0.0227     1.0000
   3384.2715   140.2703     0.9880     0.0307     0.0228     1.0000
   3384.2998   142.7784     0.9552     0.0302     0.0250     1.0000
   3384.3279   145.2688     0.9793     0.0306     0.0253     1.0000
   3384.3562   147.7769     1.0101     0.0309     0.0228     1.0000
   3384.3843   150.2672     1.0244     0.0312     0.0228     1.0000
   3384.4126   152.7753     1.0357     0.0315     0.0234     1.0000
   3384.4409   155.2834     0.9954     0.0307     0.0244     1.0000
   3384.4690   157.7738     0.9609     0.0299     0.0247     1.0000
   3384.4973   160.2819     0.9568     0.0299     0.0229     1.0000
   3384.5254   162.7723     0.9378     0.0296     0.0213     1.0000
   3384.5537   165.2804     0.9438     0.0296     0.0217     1.0000
   3384.5820   167.7885     0.9344     0.0295     0.0225     1.0000
   3384.6101   170.2789     0.9319     0.0295     0.0246     1.0000
   3384.6384   172.7870     0.8302     0.0277     0.0221     1.0000
   3384.6665   175.2773     0.7649     0.0262     0.0188     1.0000
   3384.6948   177.7854     0.7444     0.0256     0.0188     1.0000
   3384.7231   180.2935     0.7203     0.0252     0.0187     1.0000
   3384.7512   182.7839     0.7681     0.0262     0.0215     1.0000
   3384.7795   185.2920     0.8466     0.0278     0.0232     1.0000
   3384.8079   187.8090     0.8880     0.0287     0.0212     1.0000
   3384.8359   190.2905     0.9425     0.0298     0.0219     1.0000
   3384.8643   192.8075     0.9648     0.0302     0.0226     1.0000
   3384.8923   195.2890     0.9622     0.0303     0.0236     1.0000
   3384.9207   197.8059     0.9483     0.0302     0.0253     1.0000
   3384.9490   200.3140     0.9478     0.0300     0.0235     1.0000
   3384.9770   202.7956     0.9169     0.0292     0.0209     1.0000
   3385.0054   205.3125     0.8740     0.0284     0.0207     1.0000
   3385.0334   207.7940     0.8704     0.0285     0.0217     1.0000
   3385.0618   210.3110     0.8435     0.0280     0.0231     1.0000
   3385.0901   212.8191     0.8743     0.0285     0.0236     1.0000
   3385.1182   215.3095     0.8777     0.0287     0.0211     1.0000
   3385.1465   217.8176     0.8984     0.0292     0.0209     1.0000
   3385.1748   220.3257     0.9468     0.0300     0.0224     1.0000
   3385.2029   222.8161     0.9516     0.0302     0.0237     1.0000
   3385.2312   225.3242     0.9851     0.0311     0.0262     1.0000
   3385.2595   227.8323     0.9631     0.0308     0.0241     1.0000
   3385.2876   230.3226     1.0123     0.0317     0.0226     1.0000
   3385.3159   232.8307     1.0165     0.0318     0.0232     1.0000
   3385.3440   235.3211     1.0276     0.0321     0.0245     1.0000
   3385.3723   237.8292     1.0060     0.0317     0.0264     1.0000
   3385.4006   240.3373     0.9499     0.0304     0.0253     1.0000
   3385.4287   242.8277     1.0019     0.0314     0.0233     1.0000
   3385.4570   245.3358     1.0264     0.0321     0.0229     1.0000
   3385.4853   247.8439     1.0232     0.0323     0.0239     1.0000
   3385.5134   250.3343     1.0549     0.0326     0.0257     1.0000
   3385.5417   252.8424     1.0057     0.0315     0.0265     1.0000
   3385.5698   255.3328     1.0097     0.0318     0.0257     1.0000
   3385.5981   257.8409     1.0163     0.0321     0.0230     1.0000
   3385.6265   260.3578     1.0155     0.0321     0.0232     1.0000
   3385.6545   262.8393     1.0200     0.0321     0.0244     1.0000
   3385.6829   265.3563     1.0216     0.0321     0.0260     1.0000
   3385.7112   267.8644     1.0008     0.0317     0.0265     1.0000
   3385.7393   270.3548     1.0635     0.0330     0.0253     1.0000
   3385.7676   272.8629     1.0519     0.0328     0.0232     1.0000
   3385.7959   275.3710     1.0255     0.0325     0.0240     1.0000
   3385.8240   277.8614     1.0586     0.0328     0.0255     1.0000
   3385.8523   280.3695     1.0163     0.0319     0.0267     1.0000
   3385.8806   282.8776     1.0015     0.0321     0.0268     1.0000
   3385.9087   285.3679     1.0127     0.0321     0.0237     1.0000
   3385.9370   287.8760     0.9974     0.0316     0.0221     1.0000
   3385.9653   290.3841     1.0154     0.0319     0.0239     1.0000
   3385.9934   292.8745     1.0007     0.0318     0.0254     1.0000
   3386.0217   295.3826     0.9857     0.0337     0.0281     1.0000
   3386.0500   297.8907     1.0172     0.0346     0.0281     1.0000
   3386.0781   300.3811     1.0426     0.0336     0.0246     1.0000
   3386.1065   302.8981     1.0126     0.0321     0.0226     1.0000
   3386.1345   305.3796     0.9928     0.0320     0.0241     1.0000
   3386.1628   307.8877     1.0126     0.0320     0.0258     1.0000
   3386.1912   310.4046     1.0146     0.0319     0.0270     1.0000
   3386.2192   312.8861     0.9919     0.0317     0.0253     1.0000
   3386.2476   315.4031     0.9962     0.0316     0.0223     1.0000
   3386.2759   317.9112     1.0264     0.0322     0.0230     1.0000
   3386.3040   320.4016     0.9967     0.0316     0.0241     1.0000
   3386.3323   322.9097     0.9816     0.0311     0.0254     1.0000
   3386.3606   325.4178     1.0091     0.0316     0.0268     1.0000
   3386.3887   327.9082     0.9948     0.0313     0.0242     1.0000
   3386.4170   330.4163     0.9667     0.0308     0.0215     1.0000
   3386.4453   332.9244     0.9900     0.0314     0.0224     1.0000
   3386.4734   335.4147     0.9802     0.0323     0.0251     1.0000
   3386.5017   337.9228     0.9413     0.0332     0.0275     1.0000
   3386.5300   340.4310     0.9915     0.0318     0.0271     1.0000
   3386.5581   342.9213     0.9878     0.0316     0.0243     1.0000
   3386.5864   345.4294     0.9782     0.0314     0.0219     1.0000
   3386.6148   347.9464     0.9690     0.0315     0.0226     1.0000
   3386.6431   350.4545     0.9894     0.0318     0.0248     1.0000
   3386.6711   352.9360     0.9865     0.0315     0.0264     1.0000
   3386.6995   355.4530     1.0175     0.0319     0.0270     1.0000
   3386.7278   357.9611     1.0028     0.0315     0.0240     1.0000
   3386.7559   360.4514     1.0162     0.0316     0.0221     1.0000
   3386.7842   362.9596     0.9844     0.0311     0.0221     1.0000
   3386.8125   365.4677     0.9709     0.0310     0.0242     1.0000
   3386.8406   367.9580     1.0132     0.0321     0.0268     1.0000
   3386.8689   370.4661     1.0081     0.0318     0.0267     1.0000
   3386.8972   372.9742     1.0051     0.0310     0.0236     1.0000
   3386.9253   375.4646     0.9965     0.0312     0.0216     1.0000
   3386.9536   377.9727     0.9830     0.0312     0.0221     1.0000
   3386.9819   380.4808     1.0023     0.0316     0.0246     1.0000
   3387.0100   382.9712     1.0260     0.0317     0.0264     1.0000
   3387.0383   385.4793     0.9749     0.0307     0.0257     1.0000
   3387.0667   387.9963     1.0027     0.0312     0.0242     1.0000
   3387.0947   390.4778     0.9871     0.0311     0.0216     1.0000
   3387.1231   392.9947     0.9792     0.0308     0.0215     1.0000
   3387.1514   395.5028     1.0014     0.0315     0.0245     1.0000
   3387.1797   398.0109     0.9970     0.0315     0.0261     1.0000
   3387.2078   400.5013     1.0005     0.0317     0.0270     1.0000
   3387.2361   403.0094     1.0272     0.0320     0.0252     1.0000
   3387.2644   405.5175     1.0331     0.0308     0.0214     1.0000
   3387.2925   408.0079     0.9868     0.0302     0.0211     1.0000
   3387.3208   410.5160     0.9313     0.0296     0.0228     1.0000
   3387.3491   413.0241     0.9680     0.0306     0.0253     1.0000
   3387.3772   415.5145     1.0014     0.0318     0.0271     1.0000
   3387.4055   418.0226     1.0269     0.0310     0.0252     1.0000
   3387.4338   420.5307     0.9911     0.0304     0.0215     1.0000
   3387.4622   423.0476     0.9664     0.0307     0.0209     1.0000
   3387.4902   425.5291     0.9870     0.0314     0.0239     1.0000
   3387.5185   428.0372     0.9905     0.0309     0.0254     1.0000
   3387.5469   430.5542     0.9871     0.0299     0.0249     1.0000
   3387.5750   433.0446     1.0544     0.0313     0.0258     1.0000
   3387.6033   435.5527     1.0294     0.0313     0.0228     1.0000
   3387.6316   438.0608     1.0321     0.0317     0.0214     1.0000
   3387.6599   440.5689     1.0387     0.0316     0.0232     1.0000
   3387.6880   443.0593     1.0157     0.0312     0.0249     1.0000
   3387.7163   445.5674     1.0030     0.0316     0.0264     1.0000
   3387.7446   448.0755     0.9947     0.0310     0.0260     1.0000
   3387.7727   450.5658     0.9825     0.0307     0.0230     1.0000
   3387.8010   453.0740     0.9961     0.0308     0.0210     1.0000
   3387.8293   455.5821     1.0132     0.0310     0.0223     1.0000
   3387.8577   458.0990     0.9686     0.0298     0.0229     1.0000
   3387.8857   460.5805     1.0165     0.0306     0.0252     1.0000
   3387.9141   463.0975     1.0413     0.0311     0.0265     1.0000
   3387.9424   465.6056     0.9909     0.0305     0.0241     1.0000
   3387.9705   468.0960     0.9872     0.0310     0.0216     1.0000
   3387.9988   470.6041     0.9747     0.0308     0.0213     1.0000
   3388.0271   473.1122     0.9591     0.0300     0.0225     1.0000
   3388.0554   475.6203     0.9620     0.0292     0.0232     1.0000
   3388.0835   478.1107     0.9889     0.0298     0.0252     1.0000
   3388.1118   480.6188     0.9726     0.0296     0.0244     1.0000
   3388.1401   483.1269     0.9931     0.0295     0.0213     1.0000
   3388.1682   485.6172     0.9592     0.0289     0.0199     1.0000
   3388.1965   488.1253     0.9634     0.0293     0.0211     1.0000
   3388.2249   490.6423     1.0143     0.0300     0.0230     1.0000
   3388.2532   493.1504     1.0137     0.0305     0.0256     1.0000
   3388.2812   495.6319     0.9477     0.0289     0.0246     1.0000
   3388.3096   498.1489     0.9509     0.0299     0.0231     1.0000
   3388.3379   500.6570     1.0007     0.0307     0.0216     1.0000
   3388.3662   503.1651     0.9726     0.0300     0.0212     1.0000
   3388.3943   505.6555     0.9406     0.0294     0.0213     1.0000
   3388.4226   508.1636     0.9510     0.0297     0.0239     1.0000
   3388.4509   510.6717     1.0034     0.0311     0.0270     1.0000
   3388.4792   513.1798     0.9877     0.0300     0.0245     1.0000
   3388.5073   515.6701     0.9607     0.0292     0.0215     1.0000
   3388.5356   518.1782     0.9631     0.0300     0.0212     1.0000
   3388.5640   520.6952     0.9923     0.0300     0.0208     1.0000
   3388.5923   523.2033     1.0026     0.0298     0.0226     1.0000
   3388.6204   525.6937     0.9431     0.0290     0.0245     1.0000
   3388.6487   528.2018     0.9879     0.0299     0.0254     1.0000
   3388.6770   530.7099     0.9739     0.0296     0.0232     1.0000
   3388.7053   533.2180     0.9732     0.0300     0.0220     1.0000
   3388.7334   535.7084     0.9867     0.0299     0.0207     1.0000
   3388.7617   538.2165     1.0045     0.0302     0.0208     1.0000
   3388.7900   540.7246     1.0421     0.0309     0.0248     1.0000
   3388.8184   543.2415     0.9615     0.0294     0.0248     1.0000
   3388.8464   545.7230     1.0057     0.0301     0.0249     1.0000
   3388.8748   548.2400     0.9977     0.0299     0.0235     1.0000
   3388.9031   550.7481     0.9946     0.0299     0.0214     1.0000
   3388.9314   553.2562     0.9928     0.0299     0.0199     1.0000
   3388.9595   555.7466     0.9955     0.0301     0.0219     1.0000
   3388.9878   558.2547     1.0212     0.0302     0.0246     1.0000
   3389.0161   560.7628     0.9999     0.0300     0.0250     1.0000
   3389.0444   563.2709     0.9633     0.0293     0.0243     1.0000
   3389.0725   565.7613     1.0167     0.0303     0.0240     1.0000
   3389.1008   568.2694     0.9977     0.0301     0.0206     1.0000
   3389.1292   570.7863     1.0218     0.0307     0.0212     1.0000
   3389.1575   573.2944     1.0060     0.0304     0.0230     1.0000
   3389.1856   575.7848     0.9490     0.0293     0.0235     1.0000
   3389.2139   578.2929     0.9245     0.0291     0.0243     1.0000
   3389.2422   580.8010     1.0257     0.0305     0.0259     1.0000
   3389.2705   583.3091     0.9814     0.0298     0.0226     1.0000
   3389.2986   585.7995     0.9706     0.0298     0.0204     1.0000
   3389.3269   588.3076     0.9984     0.0302     0.0214     1.0000
   3389.3552   590.8157     0.9849     0.0299     0.0218     1.0000
   3389.3835   593.3238     1.0099     0.0305     0.0243     1.0000
   3389.4116   595.8142     1.0478     0.0310     0.0268     1.0000
   3389.4399   598.3223     1.0116     0.0321     0.0261     1.0000
   3389.4683   600.8392     1.0082     0.0306     0.0230     1.0000
   3389.4966   603.3473     1.0068     0.0306     0.0218     1.0000
