   3399.0920  -592.3387     1.0537     0.0329     0.0238     1.0000
   3399.1204  -589.8389     1.0403     0.0326     0.0254     1.0000
   3399.1487  -587.3478     1.0065     0.0319     0.0244     1.0000
   3399.1770  -584.8567     0.9900     0.0325     0.0232     1.0000
   3399.2053  -582.3657     0.9900     0.0321     0.0233     1.0000
   3399.2336  -579.8746     1.0631     0.0329     0.0261     1.0000
   3399.2620  -577.3747     1.0423     0.0326     0.0250     1.0000
   3399.2905  -574.8660     1.0221     0.0323     0.0234     1.0000
   3399.3189  -572.3662     0.9967     0.0319     0.0236     1.0000
   3399.3472  -569.8751     1.0528     0.0329     0.0264     1.0000
   3399.3755  -567.3840     1.0381     0.0324     0.0251     1.0000
   3399.4038  -564.8930     1.0259     0.0323     0.0241     1.0000
   3399.4321  -562.4019     1.0039     0.0321     0.0244     1.0000
   3399.4605  -559.9020     1.0691     0.0330     0.0269     1.0000
   3399.4888  -557.4110     1.0219     0.0323     0.0247     1.0000
   3399.5173  -554.9023     1.0048     0.0322     0.0237     1.0000
   3399.5457  -552.4024     0.9835     0.0319     0.0247     1.0000
   3399.5740  -549.9114     1.0097     0.0321     0.0261     1.0000
   3399.6023  -547.4203     0.9853     0.0317     0.0242     1.0000
   3399.6306  -544.9292     0.9814     0.0318     0.0233     1.0000
   3399.6589  -542.4382     1.0217     0.0324     0.0253     1.0000
   3399.6873  -539.9383     1.0036     0.0321     0.0262     1.0000
   3399.7156  -537.4472     0.9946     0.0320     0.0245     1.0000
   3399.7439  -534.9562     0.9832     0.0318     0.0237     1.0000
   3399.7725  -532.4387     1.0029     0.0322     0.0258     1.0000
   3399.8008  -529.9476     1.0098     0.0325     0.0266     1.0000
   3399.8291  -527.4566     1.0239     0.0326     0.0248     1.0000
   3399.8574  -524.9655     1.0376     0.0329     0.0245     1.0000
   3399.8857  -522.4744     1.0044     0.0327     0.0257     1.0000
   3399.9141  -519.9746     0.9571     0.0314     0.0252     1.0000
   3399.9424  -517.4835     1.0062     0.0321     0.0242     1.0000
   3399.9707  -514.9924     1.0028     0.0317     0.0232     1.0000
   3399.9993  -512.4750     0.9798     0.0313     0.0244     1.0000
   3400.0276  -509.9839     0.9754     0.0312     0.0249     1.0000
   3400.0559  -507.4928     0.9658     0.0311     0.0228     1.0000
   3400.0842  -505.0018     0.9623     0.0310     0.0222     1.0000
   3400.1125  -502.5107     0.9784     0.0311     0.0242     1.0000
   3400.1409  -500.0108     0.9965     0.0315     0.0248     1.0000
   3400.1692  -497.5198     0.9843     0.0315     0.0230     1.0000
   3400.1977  -495.0111     0.9515     0.0309     0.0220     1.0000
   3400.2261  -492.5112     0.9443     0.0310     0.0238     1.0000
   3400.2544  -490.0202     1.0303     0.0323     0.0254     1.0000
   3400.2827  -487.5291     0.9827     0.0315     0.0227     1.0000
   3400.3110  -485.0380     0.9965     0.0320     0.0227     1.0000
   3400.3394  -482.5382     1.0313     0.0326     0.0253     1.0000
   3400.3677  -480.0471     1.0054     0.0321     0.0250     1.0000
   3400.3962  -477.5384     0.9953     0.0320     0.0232     1.0000
   3400.4246  -475.0386     0.9974     0.0321     0.0228     1.0000
   3400.4529  -472.5475     1.0273     0.0327     0.0253     1.0000
   3400.4812  -470.0564     1.0600     0.0338     0.0266     1.0000
   3400.5095  -467.5654     1.0208     0.0344     0.0244     1.0000
   3400.5378  -465.0743     1.0081     0.0325     0.0234     1.0000
   3400.5662  -462.5744     0.9756     0.0314     0.0242     1.0000
   3400.5947  -460.0657     1.0074     0.0319     0.0253     1.0000
   3400.6231  -457.5659     1.0129     0.0324     0.0236     1.0000
   3400.6514  -455.0748     1.0299     0.0325     0.0231     1.0000
   3400.6797  -452.5837     1.0285     0.0326     0.0254     1.0000
   3400.7080  -450.0927     1.0315     0.0332     0.0260     1.0000
   3400.7363  -447.6016     0.9943     0.0321     0.0235     1.0000
   3400.7649  -445.0841     1.0001     0.0321     0.0230     1.0000
   3400.7932  -442.5931     0.9859     0.0318     0.0247     1.0000
   3400.8215  -440.1020     1.0091     0.0321     0.0256     1.0000
   3400.8499  -437.6021     1.0025     0.0320     0.0236     1.0000
   3400.8782  -435.1111     1.0229     0.0326     0.0235     1.0000
   3400.9065  -432.6200     1.0101     0.0323     0.0252     1.0000
   3400.9351  -430.1025     0.9682     0.0315     0.0251     1.0000
   3400.9634  -427.6115     0.9321     0.0307     0.0228     1.0000
   3400.9917  -425.1204     0.9707     0.0316     0.0227     1.0000
   3401.0200  -422.6293     1.0236     0.0325     0.0252     1.0000
   3401.0483  -420.1383     1.0151     0.0325     0.0262     1.0000
   3401.0767  -417.6384     0.9814     0.0319     0.0240     1.0000
   3401.1052  -415.1297     1.0179     0.0325     0.0236     1.0000
   3401.1335  -412.6387     1.0065     0.0322     0.0251     1.0000
   3401.1619  -410.1388     0.9552     0.0312     0.0254     1.0000
   3401.1902  -407.6477     0.9323     0.0308     0.0233     1.0000
   3401.2185  -405.1567     1.0063     0.0327     0.0235     1.0000
   3401.2468  -402.6656     1.0072     0.0328     0.0255     1.0000
   3401.2754  -400.1481     1.0116     0.0328     0.0269     1.0000
   3401.3037  -397.6571     1.0242     0.0325     0.0251     1.0000
   3401.3320  -395.1660     1.0059     0.0323     0.0234     1.0000
   3401.3603  -392.6749     1.0164     0.0321     0.0250     1.0000
   3401.3887  -390.1751     0.9719     0.0318     0.0261     1.0000
   3401.4172  -387.6664     0.9929     0.0318     0.0248     1.0000
   3401.4456  -385.1665     1.0015     0.0323     0.0234     1.0000
   3401.4739  -382.6754     0.9852     0.0319     0.0243     1.0000
   3401.5022  -380.1844     0.9612     0.0318     0.0261     1.0000
   3401.5305  -377.6933     0.9826     0.0320     0.0253     1.0000
   3401.5588  -375.2022     0.9725     0.0319     0.0232     1.0000
   3401.5874  -372.6848     1.0008     0.0336     0.0247     1.0000
   3401.6157  -370.1937     0.9782     0.0318     0.0260     1.0000
   3401.6440  -367.7026     0.9687     0.0319     0.0254     1.0000
   3401.6724  -365.2028     0.9456     0.0312     0.0228     1.0000
   3401.7007  -362.7117     0.9522     0.0314     0.0228     1.0000
   3401.7292  -360.2030     1.0088     0.0325     0.0261     1.0000
   3401.7576  -357.7032     1.0233     0.0330     0.0264     1.0000
   3401.7859  -355.2121     0.9745     0.0331     0.0238     1.0000
   3401.8142  -352.7210     0.9558     0.0317     0.0226     1.0000
   3401.8425  -350.2300     0.9880     0.0324     0.0255     1.0000
   3401.8711  -347.7125     1.0352     0.0340     0.0272     1.0000
   3401.8994  -345.2214     0.9996     0.0328     0.0239     1.0000
   3401.9277  -342.7304     0.9725     0.0323     0.0225     1.0000
   3401.9560  -340.2393     0.9719     0.0321     0.0246     1.0000
   3401.9844  -337.7394     0.9852     0.0328     0.0262     1.0000
   3402.0129  -335.2308     0.9927     0.0335     0.0250     1.0000
   3402.0413  -332.7309     0.9664     0.0327     0.0224     1.0000
   3402.0696  -330.2398     1.0070     0.0333     0.0256     1.0000
   3402.0979  -327.7488     0.9733     0.0319     0.0258     1.0000
   3402.1262  -325.2577     0.9835     0.0326     0.0245     1.0000
   3402.1548  -322.7402     0.9717     0.0328     0.0226     1.0000
   3402.1831  -320.2492     0.9608     0.0322     0.0243     1.0000
   3402.2114  -317.7581     0.9837     0.0329     0.0269     1.0000
   3402.2398  -315.2582     0.9684     0.0320     0.0247     1.0000
   3402.2681  -312.7671     0.9946     0.0331     0.0230     1.0000
   3402.2966  -310.2585     0.9828     0.0328     0.0238     1.0000
   3402.3250  -307.7586     0.9815     0.0326     0.0263     1.0000
   3402.3533  -305.2675     1.0159     0.0338     0.0270     1.0000
   3402.3816  -302.7765     0.9855     0.0334     0.0236     1.0000
   3402.4099  -300.2854     0.9779     0.0334     0.0236     1.0000
   3402.4385  -297.7679     0.9714     0.0329     0.0261     1.0000
   3402.4668  -295.2769     1.0091     0.0336     0.0268     1.0000
   3402.4951  -292.7858     1.0424     0.0348     0.0253     1.0000
   3402.5234  -290.2947     1.0054     0.0341     0.0234     1.0000
   3402.5520  -287.7773     0.9885     0.0329     0.0255     1.0000
   3402.5803  -285.2862     0.9301     0.0322     0.0260     1.0000
   3402.6086  -282.7951     0.9903     0.0336     0.0251     1.0000
   3402.6370  -280.2953     1.0165     0.0342     0.0232     1.0000
   3402.6653  -277.8042     0.9884     0.0341     0.0259     1.0000
   3402.6939  -275.2867     0.9463     0.0327     0.0267     1.0000
   3402.7222  -272.7957     0.9595     0.0334     0.0257     1.0000
   3402.7505  -270.3046     0.9570     0.0337     0.0230     1.0000
   3402.7788  -267.8135     0.9687     0.0339     0.0251     1.0000
   3402.8074  -265.2961     0.9446     0.0333     0.0273     1.0000
   3402.8357  -262.8050     0.9085     0.0325     0.0256     1.0000
   3402.8640  -260.3139     0.9837     0.0341     0.0239     1.0000
   3402.8923  -257.8229     1.0188     0.0347     0.0246     1.0000
   3402.9207  -255.3230     1.0230     0.0344     0.0273     1.0000
   3402.9492  -252.8143     1.0173     0.0343     0.0277     1.0000
   3402.9775  -250.3232     0.9647     0.0333     0.0240     1.0000
   3403.0059  -247.8234     0.9813     0.0334     0.0229     1.0000
   3403.0342  -245.3323     1.0028     0.0340     0.0262     1.0000
   3403.0627  -242.8236     1.0086     0.0340     0.0278     1.0000
   3403.0911  -240.3238     1.0024     0.0338     0.0255     1.0000
   3403.1194  -237.8327     0.9899     0.0335     0.0227     1.0000
   3403.1477  -235.3416     0.9380     0.0326     0.0244     1.0000
   3403.1763  -232.8242     1.0000     0.0337     0.0279     1.0000
   3403.2046  -230.3331     0.9641     0.0329     0.0258     1.0000
   3403.2329  -227.8420     0.9506     0.0328     0.0224     1.0000
   3403.2612  -225.3510     0.9581     0.0331     0.0238     1.0000
   3403.2898  -222.8335     0.9263     0.0327     0.0262     1.0000
   3403.3181  -220.3424     0.9308     0.0326     0.0262     1.0000
   3403.3464  -217.8514     0.9785     0.0337     0.0244     1.0000
   3403.3748  -215.3515     0.9736     0.0340     0.0233     1.0000
   3403.4033  -212.8428     0.9746     0.0341     0.0264     1.0000
   3403.4316  -210.3518     0.9856     0.0341     0.0279     1.0000
   3403.4600  -207.8519     0.9926     0.0339     0.0257     1.0000
   3403.4883  -205.3608     1.0145     0.0346     0.0233     1.0000
   3403.5168  -202.8522     1.0289     0.0349     0.0263     1.0000
   3403.5452  -200.3523     0.9902     0.0339     0.0280     1.0000
   3403.5735  -197.8612     0.9979     0.0341     0.0271     1.0000
   3403.6018  -195.3702     1.0477     0.0350     0.0242     1.0000
   3403.6304  -192.8527     1.0493     0.0350     0.0248     1.0000
   3403.6587  -190.3616     1.0143     0.0344     0.0273     1.0000
   3403.6870  -187.8705     1.0521     0.0352     0.0288     1.0000
   3403.7153  -185.3795     1.0011     0.0342     0.0248     1.0000
   3403.7439  -182.8620     0.9935     0.0342     0.0233     1.0000
   3403.7722  -180.3709     1.0078     0.0343     0.0262     1.0000
   3403.8005  -177.8799     1.0167     0.0347     0.0288     1.0000
   3403.8289  -175.3800     1.0146     0.0345     0.0269     1.0000
   3403.8574  -172.8713     1.0131     0.0344     0.0233     1.0000
   3403.8857  -170.3803     1.0097     0.0343     0.0253     1.0000
   3403.9141  -167.8804     0.9820     0.0338     0.0276     1.0000
   3403.9426  -165.3717     1.0026     0.0340     0.0272     1.0000
   3403.9709  -162.8807     1.0193     0.0342     0.0241     1.0000
   3403.9993  -160.3808     1.0259     0.0342     0.0237     1.0000
   3404.0276  -157.8897     1.0337     0.0341     0.0267     1.0000
   3404.0561  -155.3811     0.9772     0.0330     0.0272     1.0000
   3404.0845  -152.8812     0.9898     0.0332     0.0252     1.0000
   3404.1128  -150.3901     0.9775     0.0330     0.0223     1.0000
   3404.1411  -147.8991     0.9255     0.0320     0.0240     1.0000
   3404.1697  -145.3816     0.9229     0.0320     0.0263     1.0000
   3404.1980  -142.8905     0.9914     0.0333     0.0266     1.0000
   3404.2263  -140.3994     0.9857     0.0345     0.0240     1.0000
   3404.2549  -137.8820     1.0245     0.0370     0.0254     1.0000
   3404.2832  -135.3909     1.0761     0.0352     0.0278     1.0000
   3404.3115  -132.8998     1.0336     0.0347     0.0285     1.0000
   3404.3398  -130.4088     1.0309     0.0346     0.0259     1.0000
   3404.3684  -127.8913     1.0386     0.0344     0.0233     1.0000
   3404.3967  -125.4002     0.9981     0.0336     0.0255     1.0000
   3404.4250  -122.9092     0.9889     0.0333     0.0276     1.0000
   3404.4534  -120.4093     0.9965     0.0336     0.0266     1.0000
   3404.4819  -117.9006     1.0190     0.0342     0.0237     1.0000
   3404.5102  -115.4096     1.0182     0.0342     0.0241     1.0000
   3404.5386  -112.9097     1.0519     0.0348     0.0276     1.0000
   3404.5671  -110.4010     1.0498     0.0351     0.0288     1.0000
   3404.5955  -107.9012     0.9695     0.0334     0.0247     1.0000
   3404.6238  -105.4101     0.9890     0.0338     0.0228     1.0000
   3404.6523  -102.9014     1.0414     0.0347     0.0265     1.0000
   3404.6807  -100.4016     1.0096     0.0345     0.0287     1.0000
   3404.7090   -97.9105     1.0063     0.0368     0.0287     1.0000
   3404.7373   -95.4194     0.9978     0.0380     0.0273     1.0000
   3404.7659   -92.9019     0.9951     0.0351     0.0244     1.0000
   3404.7942   -90.4109     1.0208     0.0344     0.0273     1.0000
   3404.8225   -87.9198     1.0165     0.0344     0.0282     1.0000
   3404.8511   -85.4023     1.0248     0.0344     0.0259     1.0000
   3404.8794   -82.9113     1.0106     0.0339     0.0228     1.0000
   3404.9077   -80.4202     1.0220     0.0343     0.0260     1.0000
   3404.9360   -77.9291     1.0001     0.0339     0.0279     1.0000
   3404.9646   -75.4117     0.9974     0.0340     0.0272     1.0000
   3404.9929   -72.9206     1.0172     0.0341     0.0240     1.0000
   3405.0212   -70.4295     0.9998     0.0334     0.0232     1.0000
   3405.0498   -67.9121     0.9573     0.0325     0.0253     1.0000
   3405.0781   -65.4210     0.9493     0.0350     0.0296     1.0000
   3405.1065   -62.9211     0.9723     0.0328     0.0251     1.0000
   3405.1350   -60.4125     0.9621     0.0327     0.0222     1.0000
   3405.1633   -57.9214     0.9506     0.0325     0.0241     1.0000
   3405.1917   -55.4215     0.9097     0.0318     0.0261     1.0000
   3405.2202   -52.9128     0.8305     0.0301     0.0240     1.0000
   3405.2485   -50.4218     0.8141     0.0299     0.0216     1.0000
   3405.2769   -47.9219     0.7872     0.0294     0.0200     1.0000
   3405.3052   -45.4308     0.8057     0.0298     0.0229     1.0000
   3405.3337   -42.9222     0.8274     0.0300     0.0249     1.0000
   3405.3621   -40.4223     0.8630     0.0305     0.0242     1.0000
   3405.3904   -37.9312     0.8817     0.0311     0.0214     1.0000
   3405.4190   -35.4138     0.8969     0.0315     0.0226     1.0000
   3405.4473   -32.9227     0.8332     0.0307     0.0245     1.0000
   3405.4756   -30.4316     0.8724     0.0313     0.0258     1.0000
   3405.5042   -27.9142     0.8838     0.0315     0.0239     1.0000
   3405.5325   -25.4231     0.8316     0.0299     0.0203     1.0000
   3405.5608   -22.9320     0.7584     0.0283     0.0211     1.0000
   3405.5894   -20.4146     0.7258     0.0278     0.0229     1.0000
   3405.6177   -17.9235     0.7170     0.0277     0.0223     1.0000
   3405.6460   -15.4324     0.7402     0.0279     0.0200     1.0000
   3405.6746   -12.9150     0.7109     0.0275     0.0189     1.0000
   3405.7029   -10.4239     0.6954     0.0272     0.0211     1.0000
   3405.7312    -7.9328     0.7958     0.0292     0.0243     1.0000
   3405.7598    -5.4153     0.8295     0.0300     0.0234     1.0000
   3405.7881    -2.9243     0.8488     0.0304     0.0210     1.0000
   3405.8164    -0.4332     0.8397     0.0300     0.0216     1.0000
   3405.8450     2.0843     0.8036     0.0290     0.0231     1.0000
   3405.8733     4.5753     0.8150     0.0294     0.0242     1.0000
   3405.9016     7.0664     0.8465     0.0297     0.0225     1.0000
   3405.9302     9.5839     0.8542     0.0300     0.0204     1.0000
   3405.9585    12.0749     0.8406     0.0299     0.0224     1.0000
   3405.9868    14.5660     0.8284     0.0300     0.0247     1.0000
   3406.0154    17.0835     0.7877     0.0289     0.0235     1.0000
   3406.0437    19.5745     0.8087     0.0296     0.0216     1.0000
   3406.0720    22.0656     0.7996     0.0296     0.0202     1.0000
   3406.1006    24.5831     0.7852     0.0293     0.0226     1.0000
   3406.1289    27.0741     0.7905     0.0293     0.0244     1.0000
   3406.1572    29.5652     0.7715     0.0290     0.0231     1.0000
   3406.1858    32.0827     0.7348     0.0282     0.0197     1.0000
   3406.2141    34.5738     0.7340     0.0281     0.0199     1.0000
   3406.2424    37.0648     0.6886     0.0272     0.0212     1.0000
   3406.2710    39.5823     0.7456     0.0287     0.0237     1.0000
   3406.2993    42.0734     0.7732     0.0290     0.0226     1.0000
   3406.3276    44.5644     0.8471     0.0304     0.0210     1.0000
   3406.3562    47.0819     0.9131     0.0317     0.0227     1.0000
   3406.3845    49.5730     0.9292     0.0322     0.0257     1.0000
   3406.4128    52.0640     0.9301     0.0320     0.0262     1.0000
   3406.4414    54.5815     0.8821     0.0312     0.0235     1.0000
   3406.4697    57.0726     0.9102     0.0319     0.0221     1.0000
   3406.4983    59.5900     0.8487     0.0308     0.0225     1.0000
   3406.5266    62.0811     0.8750     0.0312     0.0254     1.0000
   3406.5549    64.5722     0.8750     0.0307     0.0250     1.0000
   3406.5835    67.0896     0.8774     0.0309     0.0233     1.0000
   3406.6118    69.5807     0.8988     0.0313     0.0214     1.0000
   3406.6401    72.0718     0.9548     0.0325     0.0245     1.0000
   3406.6687    74.5893     1.0106     0.0338     0.0280     1.0000
   3406.6970    77.0803     0.9968     0.0335     0.0271     1.0000
   3406.7253    79.5714     0.9903     0.0332     0.0244     1.0000
   3406.7539    82.0889     0.9978     0.0333     0.0230     1.0000
   3406.7822    84.5799     0.9792     0.0330     0.0253     1.0000
   3406.8108    87.0974     1.0217     0.0337     0.0279     1.0000
   3406.8391    89.5885     1.0390     0.0342     0.0278     1.0000
   3406.8674    92.0795     1.0599     0.0343     0.0251     1.0000
   3406.8960    94.5970     1.0157     0.0333     0.0231     1.0000
   3406.9243    97.0881     0.9925     0.0328     0.0254     1.0000
   3406.9526    99.5791     1.0145     0.0334     0.0277     1.0000
   3406.9812   102.0966     0.9853     0.0329     0.0261     1.0000
   3407.0095   104.5877     1.0176     0.0335     0.0242     1.0000
   3407.0378   107.0787     1.0005     0.0331     0.0231     1.0000
   3407.0664   109.5962     1.0209     0.0352     0.0275     1.0000
   3407.0947   112.0873     1.0067     0.0359     0.0300     1.0000
   3407.1233   114.6048     0.9808     0.0352     0.0270     1.0000
   3407.1516   117.0958     0.9948     0.0332     0.0240     1.0000
   3407.1799   119.5869     0.9990     0.0331     0.0233     1.0000
   3407.2085   122.1044     0.9978     0.0330     0.0262     1.0000
   3407.2368   124.5954     0.9708     0.0327     0.0268     1.0000
   3407.2651   127.0865     0.9930     0.0332     0.0260     1.0000
   3407.2937   129.6040     1.0135     0.0335     0.0239     1.0000
   3407.3220   132.0950     0.9841     0.0328     0.0233     1.0000
   3407.3506   134.6125     0.9841     0.0327     0.0260     1.0000
   3407.3789   137.1036     1.0204     0.0336     0.0275     1.0000
   3407.4072   139.5946     1.0330     0.0342     0.0266     1.0000
   3407.4358   142.1121     1.0071     0.0337     0.0238     1.0000
   3407.4641   144.6032     1.0235     0.0338     0.0240     1.0000
   3407.4927   147.1207     1.0524     0.0342     0.0273     1.0000
   3407.5210   149.6117     1.0368     0.0334     0.0273     1.0000
   3407.5493   152.1028     0.9853     0.0323     0.0252     1.0000
   3407.5779   154.6203     0.9557     0.0319     0.0229     1.0000
   3407.6062   157.1113     0.9851     0.0322     0.0229     1.0000
   3407.6348   159.6288     1.0036     0.0327     0.0261     1.0000
   3407.6631   162.1199     0.9798     0.0325     0.0266     1.0000
   3407.6914   164.6109     0.9801     0.0328     0.0254     1.0000
   3407.7200   167.1284     0.9960     0.0330     0.0236     1.0000
   3407.7483   169.6195     0.9980     0.0330     0.0236     1.0000
   3407.7769   172.1369     0.9993     0.0331     0.0263     1.0000
   3407.8052   174.6280     0.9805     0.0328     0.0268     1.0000
   3407.8335   177.1191     0.9739     0.0327     0.0256     1.0000
   3407.8621   179.6365     0.9877     0.0330     0.0239     1.0000
   3407.8904   182.1276     1.0104     0.0333     0.0237     1.0000
   3407.9190   184.6451     1.0198     0.0334     0.0266     1.0000
   3407.9473   187.1362     1.0431     0.0336     0.0279     1.0000
   3407.9756   189.6272     0.9901     0.0325     0.0251     1.0000
   3408.0042   192.1447     1.0219     0.0332     0.0243     1.0000
   3408.0325   194.6358     0.9758     0.0325     0.0230     1.0000
   3408.0610   197.1444     0.9331     0.0315     0.0248     1.0000
   3408.0894   199.6443     0.9707     0.0324     0.0268     1.0000
   3408.1177   202.1354     1.0094     0.0330     0.0258     1.0000
   3408.1462   204.6440     1.0078     0.0329     0.0240     1.0000
   3408.1746   207.1439     0.9761     0.0323     0.0228     1.0000
   3408.2031   209.6526     0.9902     0.0324     0.0252     1.0000
   3408.2315   212.1524     1.0073     0.0328     0.0275     1.0000
   3408.2598   214.6435     1.0335     0.0332     0.0262     1.0000
   3408.2883   217.1522     0.9810     0.0320     0.0234     1.0000
   3408.3167   219.6521     0.9506     0.0316     0.0224     1.0000
   3408.3452   222.1607     0.9899     0.0326     0.0249     1.0000
   3408.3735   224.6518     1.0456     0.0338     0.0282     1.0000
   3408.4021   227.1693     0.9973     0.0330     0.0261     1.0000
   3408.4304   229.6603     0.9964     0.0330     0.0245     1.0000
   3408.4587   232.1514     0.9943     0.0331     0.0237     1.0000
   3408.4873   234.6689     0.9841     0.0330     0.0246     1.0000
   3408.5156   237.1599     0.9952     0.0331     0.0272     1.0000
   3408.5442   239.6774     1.0192     0.0335     0.0270     1.0000
   3408.5725   242.1685     1.0336     0.0337     0.0255     1.0000
   3408.6008   244.6595     1.0060     0.0332     0.0243     1.0000
   3408.6294   247.1770     0.9757     0.0327     0.0237     1.0000
   3408.6577   249.6681     1.0148     0.0333     0.0269     1.0000
   3408.6863   252.1856     1.0042     0.0332     0.0270     1.0000
   3408.7146   254.6766     1.0084     0.0333     0.0253     1.0000
   3408.7432   257.1941     0.9809     0.0329     0.0239     1.0000
   3408.7715   259.6852     1.0377     0.0367     0.0262     1.0000
   3408.7998   262.1762     1.0087     0.0335     0.0267     1.0000
   3408.8284   264.6937     0.9784     0.0330     0.0272     1.0000
   3408.8567   267.1848     0.9968     0.0337     0.0261     1.0000
   3408.8852   269.6934     1.0071     0.0336     0.0247     1.0000
   3408.9136   272.1933     1.0070     0.0336     0.0243     1.0000
   3408.9421   274.7020     0.9821     0.0332     0.0255     1.0000
   3408.9705   277.2018     0.9671     0.0327     0.0272     1.0000
   3408.9990   279.7105     0.9799     0.0330     0.0260     1.0000
   3409.0273   282.2016     0.9976     0.0335     0.0251     1.0000
   3409.0557   284.7014     0.9793     0.0332     0.0241     1.0000
   3409.0842   287.2101     1.0145     0.0338     0.0252     1.0000
   3409.1125   289.7012     1.0014     0.0337     0.0276     1.0000
   3409.1411   292.2187     0.9884     0.0334     0.0271     1.0000
   3409.1694   294.7097     1.0010     0.0339     0.0254     1.0000
   3409.1980   297.2272     0.9792     0.0334     0.0242     1.0000
   3409.2263   299.7183     0.9637     0.0332     0.0241     1.0000
   3409.2549   302.2357     0.9942     0.0336     0.0269     1.0000
   3409.2832   304.7268     1.0157     0.0339     0.0282     1.0000
   3409.3115   307.2179     1.0660     0.0349     0.0268     1.0000
   3409.3401   309.7353     1.0673     0.0350     0.0256     1.0000
   3409.3684   312.2264     1.0253     0.0344     0.0250     1.0000
   3409.3970   314.7439     0.9664     0.0331     0.0253     1.0000
   3409.4253   317.2350     0.9964     0.0334     0.0281     1.0000
   3409.4539   319.7524     1.0207     0.0336     0.0267     1.0000
   3409.4822   322.2435     1.0287     0.0338     0.0250     1.0000
   3409.5107   324.7522     1.0122     0.0334     0.0245     1.0000
   3409.5391   327.2520     1.0067     0.0333     0.0246     1.0000
   3409.5676   329.7607     1.0020     0.0332     0.0271     1.0000
   3409.5959   332.2518     1.0155     0.0336     0.0279     1.0000
   3409.6243   334.7516     0.9960     0.0333     0.0250     1.0000
   3409.6528   337.2603     1.0042     0.0336     0.0246     1.0000
   3409.6811   339.7514     0.9760     0.0348     0.0253     1.0000
   3409.7097   342.2688     1.0027     0.0364     0.0286     1.0000
   3409.7380   344.7599     0.9954     0.0362     0.0299     1.0000
   3409.7666   347.2774     1.0364     0.0344     0.0274     1.0000
   3409.7949   349.7685     1.0334     0.0346     0.0252     1.0000
   3409.8235   352.2859     1.0333     0.0347     0.0254     1.0000
   3409.8518   354.7770     1.0150     0.0339     0.0253     1.0000
   3409.8804   357.2945     0.9709     0.0328     0.0270     1.0000
   3409.9087   359.7855     0.9826     0.0333     0.0280     1.0000
   3409.9373   362.3030     0.9873     0.0334     0.0250     1.0000
   3409.9656   364.7941     1.0059     0.0336     0.0247     1.0000
   3409.9941   367.3027     0.9806     0.0332     0.0245     1.0000
   3410.0225   369.8026     1.0196     0.0341     0.0264     1.0000
   3410.0510   372.3113     1.0170     0.0342     0.0287     1.0000
   3410.0793   374.8023     1.0030     0.0342     0.0273     1.0000
   3410.1077   377.3022     1.0283     0.0347     0.0252     1.0000
   3410.1362   379.8109     1.0204     0.0347     0.0254     1.0000
   3410.1645   382.3020     1.0167     0.0346     0.0258     1.0000
   3410.1931   384.8194     0.9997     0.0401     0.0288     1.0000
   3410.2214   387.3105     0.9945     0.0370     0.0323     1.0000
   3410.2500   389.8280     1.0316     0.0401     0.0277     1.0000
   3410.2783   392.3190     1.0455     0.0349     0.0251     1.0000
   3410.3069   394.8365     1.0136     0.0342     0.0250     1.0000
   3410.3352   397.3276     0.9993     0.0341     0.0259     1.0000
   3410.3638   399.8450     1.0051     0.0341     0.0287     1.0000
   3410.3921   402.3361     0.9961     0.0337     0.0278     1.0000
   3410.4207   404.8536     1.0298     0.0343     0.0251     1.0000
   3410.4490   407.3447     1.0594     0.0351     0.0256     1.0000
   3410.4775   409.8533     1.0241     0.0347     0.0259     1.0000
   3410.5059   412.3532     0.9796     0.0338     0.0266     1.0000
   3410.5344   414.8619     0.9487     0.0332     0.0281     1.0000
   3410.5627   417.3529     0.9323     0.0325     0.0258     1.0000
   3410.5913   419.8704     0.9886     0.0334     0.0240     1.0000
   3410.6196   422.3615     1.0028     0.0338     0.0248     1.0000
   3410.6482   424.8789     0.9671     0.0332     0.0250     1.0000
   3410.6765   427.3700     1.0067     0.0341     0.0278     1.0000
   3410.7051   429.8875     0.9985     0.0341     0.0290     1.0000
   3410.7334   432.3785     0.9730     0.0336     0.0258     1.0000
   3410.7620   434.8960     0.9765     0.0334     0.0238     1.0000
   3410.7903   437.3871     0.9806     0.0334     0.0243     1.0000
   3410.8189   439.9046     1.0295     0.0343     0.0262     1.0000
   3410.8472   442.3956     1.0265     0.0346     0.0288     1.0000
   3410.8757   444.9043     0.9658     0.0334     0.0279     1.0000
   3410.9041   447.4042     0.9978     0.0342     0.0256     1.0000
   3410.9326   449.9128     1.0272     0.0346     0.0246     1.0000
   3410.9609   452.4039     1.0081     0.0361     0.0266     1.0000
   3410.9895   454.9214     1.0077     0.0420     0.0273     1.0000
   3411.0178   457.4124     0.9955     0.0340     0.0287     1.0000
   3411.0464   459.9299     1.0057     0.0344     0.0286     1.0000
   3411.0747   462.4210     1.0069     0.0347     0.0256     1.0000
   3411.1033   464.9385     0.9808     0.0344     0.0243     1.0000
   3411.1316   467.4295     0.9688     0.0342     0.0252     1.0000
   3411.1602   469.9470     0.9860     0.0347     0.0272     1.0000
   3411.1885   472.4381     1.0252     0.0355     0.0302     1.0000
   3411.2170   474.9467     0.9558     0.0343     0.0283     1.0000
   3411.2454   477.4466     0.9963     0.0348     0.0254     1.0000
   3411.2739   479.9553     1.0163     0.0352     0.0251     1.0000
   3411.3023   482.4551     0.9759     0.0345     0.0256     1.0000
   3411.3308   484.9638     1.0064     0.0352     0.0279     1.0000
   3411.3591   487.4549     1.0187     0.0351     0.0299     1.0000
   3411.3877   489.9724     0.9731     0.0343     0.0280     1.0000
   3411.4163   492.4898     0.9921     0.0346     0.0250     1.0000
   3411.4446   494.9809     0.9739     0.0344     0.0243     1.0000
   3411.4731   497.4896     0.9779     0.0346     0.0258     1.0000
   3411.5015   499.9894     1.0107     0.0353     0.0281     1.0000
   3411.5300   502.4981     1.0110     0.0351     0.0301     1.0000
   3411.5583   504.9892     0.9593     0.0340     0.0279     1.0000
   3411.5869   507.5066     0.9639     0.0341     0.0247     1.0000
   3411.6152   509.9977     0.9537     0.0339     0.0236     1.0000
   3411.6438   512.5152     1.0070     0.0348     0.0264     1.0000
   3411.6721   515.0062     0.9754     0.0342     0.0271     1.0000
   3411.7007   517.5237     0.9975     0.0344     0.0295     1.0000
   3411.7290   520.0148     1.0021     0.0344     0.0284     1.0000
   3411.7576   522.5323     1.0070     0.0341     0.0244     1.0000
   3411.7859   525.0233     1.0330     0.0347     0.0246     1.0000
   3411.8144   527.5320     1.0021     0.0341     0.0250     1.0000
   3411.8428   530.0319     0.9722     0.0333     0.0262     1.0000
   3411.8713   532.5405     0.9291     0.0325     0.0277     1.0000
   3411.8999   535.0580     0.9669     0.0331     0.0275     1.0000
   3411.9282   537.5491     0.9883     0.0337     0.0244     1.0000
   3411.9568   540.0665     0.9938     0.0340     0.0237     1.0000
   3411.9851   542.5576     1.0085     0.0348     0.0258     1.0000
   3412.0137   545.0751     1.0011     0.0347     0.0274     1.0000
   3412.0420   547.5662     0.9918     0.0350     0.0297     1.0000
   3412.0706   550.0836     0.9633     0.0348     0.0295     1.0000
   3412.0989   552.5747     0.9806     0.0340     0.0252     1.0000
   3412.1274   555.0834     0.9799     0.0337     0.0231     1.0000
   3412.1558   557.5832     1.0147     0.0344     0.0252     1.0000
   3412.1843   560.0919     1.0026     0.0338     0.0259     1.0000
   3412.2129   562.6094     1.0084     0.0342     0.0284     1.0000
   3412.2412   565.1004     0.9862     0.0331     0.0280     1.0000
   3412.2698   567.6179     0.9038     0.0325     0.0246     1.0000
   3412.2981   570.1090     0.8272     0.0307     0.0212     1.0000
   3412.3267   572.6265     0.7004     0.0279     0.0200     1.0000
   3412.3550   575.1175     0.5700     0.0252     0.0187     1.0000
   3412.3835   577.6262     0.6067     0.0259     0.0211     1.0000
   3412.4119   580.1261     0.6194     0.0263     0.0224     1.0000
   3412.4404   582.6347     0.5094     0.0236     0.0182     1.0000
   3412.4690   585.1522     0.3385     0.0198     0.0136     1.0000
   3412.4973   587.6433     0.1950     0.0159     0.0109     1.0000
   3412.5259   590.1607     0.0951     0.0120     0.0093     1.0000
   3412.5542   592.6518     0.0503     0.0106     0.0086     1.0000
   3412.5828   595.1693     0.0223     0.0091     0.0080     1.0000
   3412.6111   597.6604     0.0460     0.0098     0.0084     1.0000
   3412.6397   600.1778     0.0216     0.0087     0.0064     1.0000
   3412.6680   602.6689     0.0121     0.0083     0.0057     1.0000
   3412.6965   605.1776     0.0244     0.0105     0.0078     1.0000
