   3414.7747  -591.4805     1.0207     0.0329     0.0248     1.0000
   3414.8032  -588.9834     1.0387     0.0336     0.0244     1.0000
   3414.8315  -586.5037     0.9667     0.0325     0.0220     1.0000
   3414.8601  -583.9978     0.9362     0.0319     0.0220     1.0000
   3414.8887  -581.4919     1.0132     0.0332     0.0269     1.0000
   3414.9170  -579.0123     1.0034     0.0330     0.0283     1.0000
   3414.9456  -576.5064     0.9410     0.0320     0.0266     1.0000
   3414.9739  -574.0267     1.0254     0.0336     0.0274     1.0000
   3415.0024  -571.5296     1.0312     0.0342     0.0247     1.0000
   3415.0310  -569.0236     1.0209     0.0334     0.0219     1.0000
   3415.0593  -566.5440     1.0290     0.0336     0.0240     1.0000
   3415.0879  -564.0381     0.9886     0.0329     0.0249     1.0000
   3415.1165  -561.5322     1.0194     0.0332     0.0266     1.0000
   3415.1448  -559.0525     1.0103     0.0333     0.0290     1.0000
   3415.1733  -556.5554     0.9475     0.0324     0.0275     1.0000
   3415.2019  -554.0495     0.9999     0.0333     0.0246     1.0000
   3415.2302  -551.5698     0.9892     0.0330     0.0228     1.0000
   3415.2588  -549.0639     0.9971     0.0332     0.0237     1.0000
   3415.2874  -546.5580     0.9896     0.0330     0.0230     1.0000
   3415.3157  -544.0784     0.9815     0.0327     0.0248     1.0000
   3415.3442  -541.5812     0.9372     0.0320     0.0277     1.0000
   3415.3728  -539.0753     1.0204     0.0334     0.0291     1.0000
   3415.4011  -536.5957     0.9469     0.0320     0.0249     1.0000
   3415.4297  -534.0897     0.9676     0.0324     0.0246     1.0000
   3415.4583  -531.5838     0.9560     0.0323     0.0226     1.0000
   3415.4866  -529.1042     0.9718     0.0325     0.0214     1.0000
   3415.5151  -526.6070     0.9855     0.0324     0.0239     1.0000
   3415.5437  -524.1011     0.9716     0.0322     0.0262     1.0000
   3415.5720  -521.6215     0.9746     0.0324     0.0271     1.0000
   3415.6006  -519.1156     0.9767     0.0324     0.0278     1.0000
   3415.6292  -516.6096     1.0279     0.0334     0.0275     1.0000
   3415.6575  -514.1300     1.0320     0.0334     0.0235     1.0000
   3415.6860  -511.6328     0.9948     0.0327     0.0220     1.0000
   3415.7146  -509.1269     0.9981     0.0327     0.0237     1.0000
   3415.7429  -506.6473     1.0253     0.0332     0.0241     1.0000
   3415.7715  -504.1414     1.0183     0.0334     0.0261     1.0000
   3415.8000  -501.6442     0.9775     0.0329     0.0290     1.0000
   3415.8284  -499.1558     0.9677     0.0324     0.0278     1.0000
   3415.8569  -496.6587     0.9890     0.0331     0.0253     1.0000
   3415.8855  -494.1528     0.9891     0.0331     0.0243     1.0000
   3415.9138  -491.6731     0.9949     0.0333     0.0237     1.0000
   3415.9424  -489.1672     0.9919     0.0334     0.0222     1.0000
   3415.9709  -486.6700     0.9875     0.0333     0.0245     1.0000
   3415.9993  -484.1816     1.0053     0.0334     0.0278     1.0000
   3416.0278  -481.6845     0.9952     0.0331     0.0277     1.0000
   3416.0564  -479.1786     1.0509     0.0341     0.0288     1.0000
   3416.0847  -476.6989     0.9847     0.0330     0.0270     1.0000
   3416.1133  -474.1930     0.9809     0.0332     0.0239     1.0000
   3416.1418  -471.6959     0.9900     0.0334     0.0222     1.0000
   3416.1702  -469.2075     0.9811     0.0332     0.0240     1.0000
   3416.1987  -466.7103     0.9931     0.0334     0.0246     1.0000
   3416.2273  -464.2044     1.0196     0.0356     0.0266     1.0000
   3416.2556  -461.7248     1.0056     0.0337     0.0292     1.0000
   3416.2842  -459.2188     1.0100     0.0333     0.0293     1.0000
   3416.3127  -456.7217     1.0332     0.0338     0.0263     1.0000
   3416.3413  -454.2158     1.0102     0.0333     0.0247     1.0000
   3416.3696  -451.7361     0.9959     0.0331     0.0245     1.0000
   3416.3982  -449.2302     0.9859     0.0331     0.0221     1.0000
   3416.4268  -446.7243     0.9782     0.0332     0.0231     1.0000
   3416.4551  -444.2447     0.9815     0.0331     0.0264     1.0000
   3416.4836  -441.7475     1.0016     0.0333     0.0276     1.0000
   3416.5122  -439.2416     0.9634     0.0326     0.0273     1.0000
   3416.5405  -436.7620     0.9935     0.0329     0.0283     1.0000
   3416.5691  -434.2560     0.9900     0.0330     0.0258     1.0000
   3416.5977  -431.7501     0.9774     0.0330     0.0225     1.0000
   3416.6262  -429.2530     0.9465     0.0328     0.0231     1.0000
   3416.6545  -426.7733     0.9480     0.0329     0.0240     1.0000
   3416.6831  -424.2674     0.9976     0.0334     0.0237     1.0000
   3416.7117  -421.7615     0.9948     0.0333     0.0261     1.0000
   3416.7400  -419.2819     1.0492     0.0345     0.0304     1.0000
   3416.7685  -416.7847     1.0179     0.0339     0.0286     1.0000
   3416.7971  -414.2788     1.0096     0.0335     0.0264     1.0000
   3416.8254  -411.7991     0.9842     0.0331     0.0256     1.0000
   3416.8540  -409.2932     1.0151     0.0337     0.0241     1.0000
   3416.8826  -406.7873     1.0104     0.0339     0.0221     1.0000
   3416.9111  -404.2902     1.0581     0.0364     0.0267     1.0000
   3416.9394  -401.8105     1.0246     0.0342     0.0266     1.0000
   3416.9680  -399.3046     0.9863     0.0338     0.0264     1.0000
   3416.9966  -396.7987     1.0208     0.0345     0.0297     1.0000
   3417.0249  -394.3190     0.9728     0.0332     0.0291     1.0000
   3417.0535  -391.8131     1.0078     0.0336     0.0260     1.0000
   3417.0820  -389.3160     1.0222     0.0340     0.0241     1.0000
   3417.1106  -386.8101     1.0236     0.0342     0.0254     1.0000
   3417.1389  -384.3304     1.0436     0.0354     0.0250     1.0000
   3417.1675  -381.8245     1.0431     0.0354     0.0240     1.0000
   3417.1960  -379.3273     1.0180     0.0343     0.0268     1.0000
   3417.2244  -376.8390     0.9903     0.0342     0.0287     1.0000
   3417.2529  -374.3418     0.9921     0.0357     0.0289     1.0000
   3417.2815  -371.8359     1.0201     0.0344     0.0291     1.0000
   3417.3101  -369.3300     0.9946     0.0338     0.0279     1.0000
   3417.3384  -366.8503     0.9342     0.0329     0.0234     1.0000
   3417.3669  -364.3532     0.9963     0.0340     0.0232     1.0000
   3417.3955  -361.8472     1.0423     0.0345     0.0254     1.0000
   3417.4241  -359.3413     1.0283     0.0343     0.0246     1.0000
   3417.4524  -356.8617     1.0351     0.0345     0.0245     1.0000
   3417.4810  -354.3558     1.0564     0.0349     0.0290     1.0000
   3417.5095  -351.8586     0.9394     0.0329     0.0286     1.0000
   3417.5378  -349.3790     0.9961     0.0338     0.0277     1.0000
   3417.5664  -346.8731     0.9300     0.0329     0.0263     1.0000
   3417.5950  -344.3672     0.9495     0.0329     0.0260     1.0000
   3417.6235  -341.8700     0.9938     0.0334     0.0230     1.0000
   3417.6519  -339.3816     1.0132     0.0336     0.0226     1.0000
   3417.6804  -336.8844     0.9993     0.0334     0.0249     1.0000
   3417.7090  -334.3785     0.9875     0.0333     0.0249     1.0000
   3417.7375  -331.8814     1.0019     0.0334     0.0252     1.0000
   3417.7659  -329.3930     0.9880     0.0331     0.0281     1.0000
   3417.7944  -326.8958     0.9938     0.0332     0.0291     1.0000
   3417.8230  -324.3899     0.9851     0.0331     0.0261     1.0000
   3417.8516  -321.8840     0.9773     0.0332     0.0256     1.0000
   3417.8799  -319.4043     0.9394     0.0324     0.0250     1.0000
   3417.9084  -316.9072     0.9137     0.0318     0.0218     1.0000
   3417.9370  -314.4013     0.9663     0.0327     0.0219     1.0000
   3417.9656  -311.8954     1.0130     0.0336     0.0255     1.0000
   3417.9939  -309.4157     1.0177     0.0338     0.0261     1.0000
   3418.0225  -306.9098     1.0317     0.0340     0.0261     1.0000
   3418.0510  -304.4126     0.9584     0.0328     0.0277     1.0000
   3418.0796  -301.9067     0.9564     0.0330     0.0289     1.0000
   3418.1079  -299.4271     0.9929     0.0334     0.0262     1.0000
   3418.1365  -296.9212     1.0122     0.0340     0.0255     1.0000
   3418.1650  -294.4240     1.0483     0.0346     0.0267     1.0000
   3418.1936  -291.9181     0.9786     0.0338     0.0236     1.0000
   3418.2219  -289.4385     0.9346     0.0331     0.0221     1.0000
   3418.2505  -286.9325     0.9584     0.0334     0.0255     1.0000
   3418.2791  -284.4266     1.0208     0.0343     0.0269     1.0000
   3418.3076  -281.9295     1.0569     0.0348     0.0267     1.0000
   3418.3359  -279.4498     0.9893     0.0337     0.0278     1.0000
   3418.3645  -276.9439     1.0563     0.0361     0.0319     1.0000
   3418.3931  -274.4380     1.0051     0.0338     0.0267     1.0000
   3418.4216  -271.9408     1.0107     0.0340     0.0251     1.0000
   3418.4500  -269.4524     1.0085     0.0392     0.0268     1.0000
   3418.4785  -266.9553     1.0432     0.0362     0.0262     1.0000
   3418.5071  -264.4494     0.9791     0.0343     0.0230     1.0000
   3418.5356  -261.9522     0.9233     0.0322     0.0238     1.0000
   3418.5640  -259.4638     0.9553     0.0328     0.0262     1.0000
   3418.5925  -256.9667     0.9735     0.0330     0.0251     1.0000
   3418.6211  -254.4607     0.9793     0.0331     0.0265     1.0000
   3418.6497  -251.9548     0.9815     0.0332     0.0291     1.0000
   3418.6782  -249.4577     0.9679     0.0328     0.0270     1.0000
   3418.7065  -246.9780     0.9317     0.0327     0.0243     1.0000
   3418.7351  -244.4721     0.9673     0.0337     0.0262     1.0000
   3418.7637  -241.9662     1.0407     0.0346     0.0260     1.0000
   3418.7922  -239.4690     1.0348     0.0366     0.0234     1.0000
   3418.8206  -236.9806     0.9993     0.0350     0.0250     1.0000
   3418.8491  -234.4835     0.9979     0.0361     0.0285     1.0000
   3418.8777  -231.9776     1.0391     0.0352     0.0266     1.0000
   3418.9062  -229.4804     1.0465     0.0349     0.0266     1.0000
   3418.9346  -226.9920     1.0651     0.0348     0.0297     1.0000
   3418.9631  -224.4949     1.0546     0.0349     0.0297     1.0000
   3418.9917  -221.9889     1.0575     0.0349     0.0271     1.0000
   3419.0203  -219.4830     1.0490     0.0346     0.0271     1.0000
   3419.0488  -216.9859     1.0360     0.0348     0.0272     1.0000
   3419.0772  -214.4975     1.0355     0.0349     0.0242     1.0000
   3419.1057  -212.0003     0.9925     0.0340     0.0232     1.0000
   3419.1343  -209.4944     0.9759     0.0336     0.0258     1.0000
   3419.1628  -206.9972     1.0156     0.0344     0.0262     1.0000
   3419.1914  -204.4913     0.9982     0.0340     0.0246     1.0000
   3419.2197  -202.0117     1.0317     0.0347     0.0279     1.0000
   3419.2483  -199.5058     1.0442     0.0346     0.0292     1.0000
   3419.2769  -196.9999     0.9987     0.0336     0.0264     1.0000
   3419.3054  -194.5027     0.9537     0.0329     0.0260     1.0000
   3419.3340  -191.9968     1.0029     0.0349     0.0290     1.0000
   3419.3623  -189.5171     0.9576     0.0331     0.0249     1.0000
   3419.3909  -187.0112     1.0013     0.0338     0.0229     1.0000
   3419.4194  -184.5141     1.0073     0.0339     0.0250     1.0000
   3419.4480  -182.0081     1.0023     0.0336     0.0255     1.0000
   3419.4763  -179.5285     0.9873     0.0333     0.0232     1.0000
   3419.5049  -177.0226     0.9923     0.0336     0.0251     1.0000
   3419.5334  -174.5254     1.0301     0.0350     0.0290     1.0000
   3419.5620  -172.0195     1.0540     0.0347     0.0278     1.0000
   3419.5906  -169.5136     1.0043     0.0337     0.0257     1.0000
   3419.6189  -167.0340     0.9967     0.0335     0.0283     1.0000
   3419.6475  -164.5281     0.9903     0.0337     0.0281     1.0000
   3419.6760  -162.0309     1.0718     0.0349     0.0258     1.0000
   3419.7046  -159.5250     1.0125     0.0340     0.0248     1.0000
   3419.7332  -157.0191     0.9800     0.0339     0.0264     1.0000
   3419.7617  -154.5219     1.0237     0.0344     0.0249     1.0000
   3419.7900  -152.0423     1.0250     0.0344     0.0233     1.0000
   3419.8186  -149.5363     1.0288     0.0346     0.0267     1.0000
   3419.8472  -147.0304     0.9631     0.0332     0.0264     1.0000
   3419.8757  -144.5333     0.9827     0.0337     0.0248     1.0000
   3419.9043  -142.0274     1.0014     0.0338     0.0262     1.0000
   3419.9326  -139.5477     1.0058     0.0336     0.0287     1.0000
   3419.9612  -137.0418     0.9788     0.0335     0.0272     1.0000
   3419.9898  -134.5359     1.0205     0.0342     0.0262     1.0000
   3420.0183  -132.0387     0.9583     0.0334     0.0264     1.0000
   3420.0469  -129.5328     1.0010     0.0342     0.0271     1.0000
   3420.0752  -127.0532     1.0056     0.0343     0.0238     1.0000
   3420.1038  -124.5473     0.9722     0.0337     0.0237     1.0000
   3420.1323  -122.0501     0.9961     0.0341     0.0268     1.0000
   3420.1609  -119.5442     1.0144     0.0344     0.0256     1.0000
   3420.1894  -117.0470     1.0013     0.0343     0.0246     1.0000
   3420.2180  -114.5411     0.9575     0.0337     0.0268     1.0000
   3420.2463  -112.0615     0.9698     0.0341     0.0277     1.0000
   3420.2749  -109.5556     1.0049     0.0345     0.0260     1.0000
   3420.3035  -107.0496     1.0118     0.0343     0.0270     1.0000
   3420.3320  -104.5525     0.9904     0.0337     0.0290     1.0000
   3420.3606  -102.0466     0.9931     0.0339     0.0276     1.0000
   3420.3892   -99.5406     1.0117     0.0342     0.0248     1.0000
   3420.4175   -97.0610     1.0441     0.0348     0.0266     1.0000
   3420.4460   -94.5639     1.0135     0.0341     0.0266     1.0000
   3420.4746   -92.0579     0.9730     0.0333     0.0230     1.0000
   3420.5032   -89.5520     1.0194     0.0344     0.0244     1.0000
   3420.5317   -87.0549     1.0024     0.0341     0.0272     1.0000
   3420.5603   -84.5489     0.9956     0.0340     0.0265     1.0000
   3420.5886   -82.0693     0.9902     0.0341     0.0246     1.0000
   3420.6172   -79.5634     0.9733     0.0337     0.0261     1.0000
   3420.6458   -77.0575     1.0428     0.0349     0.0287     1.0000
   3420.6743   -74.5603     1.0191     0.0348     0.0267     1.0000
   3420.7029   -72.0544     0.9958     0.0345     0.0265     1.0000
   3420.7315   -69.5485     1.0206     0.0375     0.0310     1.0000
   3420.7598   -67.0688     1.0110     0.0347     0.0283     1.0000
   3420.7883   -64.5717     0.9978     0.0357     0.0258     1.0000
   3420.8169   -62.0658     0.9102     0.0328     0.0245     1.0000
   3420.8455   -59.5598     0.9293     0.0328     0.0259     1.0000
   3420.8740   -57.0627     0.9763     0.0336     0.0243     1.0000
   3420.9026   -54.5568     0.9317     0.0329     0.0228     1.0000
   3420.9309   -52.0771     0.8410     0.0314     0.0242     1.0000
   3420.9595   -49.5712     0.8860     0.0336     0.0265     1.0000
   3420.9880   -47.0741     0.8609     0.0319     0.0232     1.0000
   3421.0166   -44.5681     0.8397     0.0315     0.0237     1.0000
   3421.0452   -42.0622     0.8435     0.0317     0.0263     1.0000
   3421.0737   -39.5651     0.8347     0.0318     0.0252     1.0000
   3421.1023   -37.0592     0.8753     0.0326     0.0242     1.0000
   3421.1306   -34.5795     0.8987     0.0329     0.0265     1.0000
   3421.1592   -32.0736     0.8888     0.0325     0.0269     1.0000
   3421.1877   -29.5764     0.9102     0.0329     0.0245     1.0000
   3421.2163   -27.0705     0.9162     0.0332     0.0246     1.0000
   3421.2449   -24.5646     0.8436     0.0318     0.0256     1.0000
   3421.2734   -22.0674     0.8554     0.0316     0.0245     1.0000
   3421.3020   -19.5615     0.8649     0.0335     0.0233     1.0000
   3421.3303   -17.0819     0.7687     0.0305     0.0222     1.0000
   3421.3589   -14.5760     0.7452     0.0301     0.0241     1.0000
   3421.3875   -12.0701     0.7561     0.0301     0.0223     1.0000
   3421.4160    -9.5729     0.8153     0.0312     0.0226     1.0000
   3421.4446    -7.0670     0.8525     0.0320     0.0254     1.0000
   3421.4731    -4.5698     0.8494     0.0322     0.0257     1.0000
   3421.5017    -2.0639     0.8403     0.0316     0.0228     1.0000
   3421.5303     0.4420     0.8661     0.0320     0.0244     1.0000
   3421.5586     2.9216     0.8691     0.0320     0.0272     1.0000
   3421.5872     5.4276     0.8372     0.0313     0.0252     1.0000
   3421.6157     7.9247     0.8587     0.0319     0.0229     1.0000
   3421.6443    10.4306     0.8616     0.0323     0.0250     1.0000
   3421.6728    12.9278     0.8821     0.0326     0.0263     1.0000
   3421.7014    15.4337     0.8776     0.0329     0.0241     1.0000
   3421.7300    17.9396     0.8597     0.0322     0.0228     1.0000
   3421.7583    20.4193     0.8896     0.0324     0.0255     1.0000
   3421.7869    22.9252     0.8949     0.0320     0.0249     1.0000
   3421.8154    25.4223     0.8778     0.0318     0.0224     1.0000
   3421.8440    27.9283     0.8259     0.0311     0.0231     1.0000
   3421.8726    30.4342     0.7656     0.0298     0.0245     1.0000
   3421.9011    32.9313     0.7687     0.0296     0.0230     1.0000
   3421.9297    35.4373     0.7657     0.0297     0.0212     1.0000
   3421.9583    37.9432     0.8077     0.0311     0.0239     1.0000
   3421.9868    40.4403     0.8789     0.0315     0.0256     1.0000
   3422.0151    42.9200     0.8958     0.0320     0.0242     1.0000
   3422.0437    45.4259     0.8702     0.0316     0.0235     1.0000
   3422.0723    47.9318     0.8897     0.0322     0.0265     1.0000
   3422.1008    50.4290     0.9043     0.0322     0.0260     1.0000
   3422.1294    52.9349     0.9319     0.0327     0.0238     1.0000
   3422.1580    55.4408     0.9736     0.0339     0.0258     1.0000
   3422.1865    57.9380     0.9725     0.0350     0.0284     1.0000
   3422.2151    60.4439     0.9820     0.0340     0.0267     1.0000
   3422.2436    62.9410     0.8983     0.0328     0.0230     1.0000
   3422.2720    65.4294     0.8850     0.0326     0.0243     1.0000
   3422.3005    67.9266     0.9445     0.0339     0.0271     1.0000
   3422.3291    70.4325     0.9678     0.0342     0.0255     1.0000
   3422.3577    72.9384     0.9671     0.0341     0.0247     1.0000
   3422.3862    75.4356     0.9337     0.0335     0.0265     1.0000
   3422.4148    77.9415     0.9346     0.0336     0.0269     1.0000
   3422.4434    80.4474     0.9921     0.0349     0.0252     1.0000
   3422.4719    82.9446     0.9852     0.0347     0.0254     1.0000
   3422.5005    85.4505     0.9871     0.0346     0.0281     1.0000
   3422.5291    87.9564     0.9917     0.0346     0.0275     1.0000
   3422.5574    90.4360     0.9628     0.0342     0.0245     1.0000
   3422.5859    92.9332     0.9915     0.0346     0.0266     1.0000
   3422.6145    95.4391     0.9628     0.0341     0.0282     1.0000
   3422.6431    97.9450     0.9652     0.0338     0.0263     1.0000
   3422.6716   100.4422     0.9793     0.0343     0.0249     1.0000
   3422.7002   102.9481     0.9582     0.0342     0.0268     1.0000
   3422.7288   105.4540     0.9258     0.0335     0.0270     1.0000
   3422.7573   107.9512     0.9696     0.0343     0.0254     1.0000
   3422.7859   110.4571     0.9647     0.0344     0.0252     1.0000
   3422.8144   112.9543     1.0070     0.0358     0.0286     1.0000
   3422.8428   115.4427     0.9574     0.0348     0.0274     1.0000
   3422.8713   117.9398     0.9595     0.0340     0.0244     1.0000
   3422.8999   120.4457     1.0036     0.0346     0.0254     1.0000
   3422.9285   122.9516     1.0326     0.0350     0.0284     1.0000
   3422.9570   125.4488     1.0512     0.0356     0.0281     1.0000
   3422.9856   127.9547     1.0152     0.0375     0.0256     1.0000
   3423.0142   130.4606     0.9952     0.0400     0.0267     1.0000
   3423.0427   132.9578     1.0305     0.0354     0.0285     1.0000
   3423.0713   135.4637     1.0024     0.0348     0.0262     1.0000
   3423.0999   137.9696     0.9993     0.0344     0.0246     1.0000
   3423.1284   140.4668     0.9693     0.0339     0.0259     1.0000
   3423.1570   142.9727     1.0308     0.0355     0.0287     1.0000
   3423.1856   145.4786     1.0029     0.0347     0.0258     1.0000
   3423.2139   147.9583     1.0248     0.0348     0.0258     1.0000
   3423.2424   150.4554     1.0410     0.0358     0.0286     1.0000
   3423.2710   152.9613     1.0023     0.0342     0.0277     1.0000
   3423.2996   155.4673     0.9997     0.0339     0.0246     1.0000
   3423.3281   157.9644     1.0352     0.0346     0.0258     1.0000
   3423.3567   160.4703     0.9868     0.0343     0.0279     1.0000
   3423.3852   162.9675     0.9177     0.0329     0.0259     1.0000
   3423.4138   165.4734     0.9842     0.0339     0.0244     1.0000
   3423.4424   167.9793     1.0043     0.0343     0.0261     1.0000
   3423.4709   170.4765     0.9856     0.0347     0.0283     1.0000
   3423.4995   172.9824     0.9868     0.0337     0.0263     1.0000
   3423.5281   175.4883     1.0079     0.0341     0.0245     1.0000
   3423.5566   177.9855     1.0232     0.0345     0.0263     1.0000
   3423.5852   180.4914     0.9642     0.0336     0.0271     1.0000
   3423.6138   182.9973     0.9769     0.0340     0.0257     1.0000
   3423.6421   185.4769     0.9789     0.0342     0.0249     1.0000
   3423.6707   187.9829     1.0013     0.0343     0.0268     1.0000
   3423.6992   190.4800     1.0168     0.0348     0.0279     1.0000
   3423.7278   192.9859     1.0225     0.0350     0.0255     1.0000
   3423.7564   195.4919     1.0469     0.0356     0.0259     1.0000
   3423.7849   197.9890     1.0293     0.0353     0.0278     1.0000
   3423.8135   200.4949     1.0022     0.0350     0.0278     1.0000
   3423.8420   202.9921     1.0114     0.0352     0.0253     1.0000
   3423.8706   205.4980     1.0104     0.0353     0.0257     1.0000
   3423.8992   208.0039     0.9789     0.0348     0.0274     1.0000
   3423.9277   210.5011     1.0174     0.0360     0.0281     1.0000
   3423.9563   213.0070     0.9927     0.0349     0.0250     1.0000
   3423.9849   215.5129     1.0358     0.0358     0.0268     1.0000
   3424.0134   218.0101     1.0466     0.0358     0.0290     1.0000
   3424.0420   220.5160     1.0099     0.0348     0.0276     1.0000
   3424.0706   223.0219     0.9602     0.0341     0.0247     1.0000
   3424.0991   225.5191     0.9043     0.0332     0.0246     1.0000
   3424.1277   228.0250     1.0146     0.0388     0.0290     1.0000
   3424.1562   230.5222     1.0258     0.0381     0.0281     1.0000
   3424.1846   233.0105     1.0727     0.0364     0.0266     1.0000
   3424.2131   235.5077     1.0280     0.0352     0.0268     1.0000
   3424.2417   238.0136     0.9918     0.0345     0.0278     1.0000
   3424.2703   240.5195     0.9579     0.0334     0.0255     1.0000
   3424.2988   243.0167     0.9629     0.0333     0.0244     1.0000
   3424.3274   245.5226     0.9311     0.0333     0.0258     1.0000
   3424.3560   248.0285     0.9353     0.0356     0.0283     1.0000
   3424.3845   250.5257     0.9780     0.0340     0.0261     1.0000
   3424.4131   253.0316     0.9782     0.0338     0.0251     1.0000
   3424.4417   255.5375     0.9442     0.0333     0.0261     1.0000
   3424.4702   258.0347     0.9756     0.0337     0.0274     1.0000
   3424.4988   260.5406     0.9805     0.0336     0.0255     1.0000
   3424.5273   263.0378     0.9545     0.0329     0.0243     1.0000
   3424.5559   265.5437     1.0015     0.0339     0.0270     1.0000
   3424.5845   268.0496     0.9769     0.0343     0.0277     1.0000
   3424.6130   270.5468     1.0003     0.0346     0.0261     1.0000
   3424.6416   273.0527     1.0170     0.0344     0.0255     1.0000
   3424.6702   275.5586     1.0480     0.0349     0.0277     1.0000
   3424.6987   278.0558     0.9830     0.0340     0.0271     1.0000
   3424.7273   280.5617     0.9947     0.0341     0.0251     1.0000
   3424.7559   283.0676     0.9853     0.0337     0.0245     1.0000
   3424.7844   285.5647     1.0404     0.0348     0.0273     1.0000
   3424.8130   288.0707     1.0022     0.0344     0.0271     1.0000
   3424.8416   290.5766     0.9846     0.0342     0.0248     1.0000
   3424.8701   293.0737     1.0042     0.0352     0.0253     1.0000
   3424.8987   295.5797     0.9731     0.0340     0.0267     1.0000
   3424.9273   298.0856     0.9320     0.0331     0.0261     1.0000
   3424.9558   300.5827     0.9964     0.0340     0.0245     1.0000
   3424.9844   303.0887     1.0159     0.0345     0.0252     1.0000
   3425.0129   305.5858     0.9866     0.0340     0.0264     1.0000
   3425.0415   308.0917     1.0173     0.0343     0.0267     1.0000
   3425.0701   310.5976     1.0210     0.0343     0.0249     1.0000
   3425.0986   313.0948     0.9617     0.0331     0.0241     1.0000
   3425.1272   315.6007     0.9485     0.0329     0.0258     1.0000
   3425.1558   318.1066     1.0018     0.0342     0.0269     1.0000
   3425.1843   320.6038     0.9801     0.0339     0.0246     1.0000
   3425.2129   323.1097     0.9690     0.0339     0.0248     1.0000
   3425.2415   325.6156     0.9988     0.0341     0.0270     1.0000
   3425.2700   328.1128     0.9485     0.0333     0.0260     1.0000
   3425.2986   330.6187     1.0022     0.0342     0.0253     1.0000
   3425.3272   333.1246     0.9886     0.0338     0.0251     1.0000
   3425.3557   335.6218     0.9613     0.0337     0.0265     1.0000
   3425.3843   338.1277     0.9639     0.0338     0.0265     1.0000
   3425.4128   340.6249     0.9715     0.0337     0.0249     1.0000
   3425.4414   343.1308     0.9822     0.0337     0.0251     1.0000
   3425.4700   345.6367     0.9986     0.0342     0.0270     1.0000
   3425.4985   348.1339     1.0093     0.0346     0.0274     1.0000
   3425.5271   350.6398     0.9734     0.0339     0.0252     1.0000
   3425.5557   353.1457     0.9304     0.0333     0.0248     1.0000
   3425.5842   355.6429     1.0016     0.0345     0.0273     1.0000
   3425.6128   358.1488     1.0294     0.0369     0.0292     1.0000
   3425.6414   360.6547     1.0063     0.0399     0.0287     1.0000
   3425.6699   363.1518     1.0616     0.0383     0.0291     1.0000
   3425.6985   365.6578     1.0715     0.0393     0.0291     1.0000
   3425.7270   368.1549     0.9893     0.0365     0.0293     1.0000
   3425.7556   370.6608     1.0557     0.0375     0.0281     1.0000
   3425.7842   373.1668     0.9615     0.0356     0.0260     1.0000
   3425.8127   375.6639     0.9822     0.0345     0.0270     1.0000
   3425.8413   378.1698     1.0331     0.0355     0.0281     1.0000
   3425.8699   380.6758     0.9922     0.0344     0.0254     1.0000
   3425.8984   383.1729     0.9703     0.0338     0.0251     1.0000
   3425.9270   385.6788     0.9890     0.0352     0.0272     1.0000
   3425.9556   388.1847     1.0024     0.0356     0.0282     1.0000
   3425.9841   390.6819     0.9925     0.0347     0.0260     1.0000
   3426.0127   393.1878     0.9982     0.0347     0.0258     1.0000
   3426.0413   395.6937     0.9896     0.0344     0.0268     1.0000
   3426.0698   398.1909     0.9819     0.0343     0.0272     1.0000
   3426.0984   400.6968     1.0686     0.0369     0.0282     1.0000
   3426.1269   403.1940     1.0608     0.0368     0.0273     1.0000
   3426.1555   405.6999     1.0448     0.0353     0.0274     1.0000
   3426.1841   408.2058     1.0231     0.0348     0.0278     1.0000
   3426.2126   410.7030     1.0324     0.0365     0.0276     1.0000
   3426.2412   413.2089     1.0225     0.0355     0.0262     1.0000
   3426.2698   415.7148     0.9858     0.0342     0.0265     1.0000
   3426.2983   418.2120     0.9797     0.0344     0.0273     1.0000
   3426.3269   420.7179     1.0315     0.0372     0.0276     1.0000
   3426.3555   423.2238     0.9691     0.0336     0.0251     1.0000
   3426.3840   425.7210     0.8969     0.0327     0.0249     1.0000
   3426.4126   428.2269     0.9578     0.0337     0.0271     1.0000
   3426.4412   430.7328     0.9790     0.0342     0.0265     1.0000
   3426.4697   433.2300     0.9477     0.0339     0.0248     1.0000
   3426.4983   435.7359     1.0027     0.0351     0.0266     1.0000
   3426.5269   438.2418     0.9841     0.0351     0.0281     1.0000
   3426.5554   440.7389     1.0246     0.0366     0.0282     1.0000
   3426.5842   443.2624     1.0216     0.0360     0.0266     1.0000
   3426.6128   445.7683     0.9889     0.0353     0.0262     1.0000
   3426.6414   448.2742     1.0284     0.0350     0.0277     1.0000
   3426.6699   450.7714     0.9983     0.0357     0.0277     1.0000
   3426.6985   453.2773     0.9953     0.0366     0.0272     1.0000
   3426.7270   455.7745     1.0163     0.0377     0.0269     1.0000
   3426.7556   458.2804     1.0684     0.0379     0.0294     1.0000
   3426.7842   460.7863     0.9794     0.0352     0.0272     1.0000
   3426.8127   463.2835     0.9771     0.0357     0.0265     1.0000
   3426.8413   465.7894     0.9713     0.0358     0.0260     1.0000
   3426.8699   468.2953     0.9434     0.0356     0.0273     1.0000
   3426.8984   470.7924     0.8933     0.0342     0.0264     1.0000
   3426.9270   473.2984     0.9555     0.0361     0.0270     1.0000
   3426.9556   475.8043     0.9915     0.0359     0.0261     1.0000
   3426.9841   478.3014     0.9556     0.0355     0.0268     1.0000
   3427.0127   480.8074     0.9802     0.0371     0.0293     1.0000
   3427.0413   483.3133     0.9788     0.0353     0.0266     1.0000
   3427.0698   485.8104     1.0185     0.0359     0.0266     1.0000
   3427.0984   488.3164     0.9663     0.0352     0.0263     1.0000
   3427.1269   490.8135     0.9747     0.0350     0.0277     1.0000
   3427.1558   493.3457     0.9765     0.0357     0.0273     1.0000
   3427.1843   495.8429     1.0068     0.0361     0.0261     1.0000
   3427.2129   498.3488     1.0213     0.0369     0.0274     1.0000
   3427.2415   500.8547     1.0212     0.0366     0.0292     1.0000
   3427.2700   503.3519     0.9973     0.0368     0.0280     1.0000
   3427.2986   505.8578     0.9942     0.0372     0.0268     1.0000
   3427.3272   508.3637     1.0270     0.0368     0.0268     1.0000
   3427.3557   510.8609     1.0126     0.0369     0.0286     1.0000
   3427.3843   513.3668     1.0038     0.0363     0.0280     1.0000
   3427.4128   515.8639     0.9854     0.0362     0.0265     1.0000
   3427.4414   518.3699     0.9722     0.0361     0.0259     1.0000
   3427.4700   520.8758     0.9778     0.0365     0.0281     1.0000
   3427.4985   523.3729     0.9856     0.0358     0.0277     1.0000
   3427.5271   525.8789     1.0345     0.0376     0.0283     1.0000
   3427.5557   528.3848     1.0298     0.0375     0.0269     1.0000
   3427.5845   530.9082     1.0023     0.0369     0.0278     1.0000
   3427.6130   533.4054     0.9939     0.0367     0.0292     1.0000
   3427.6416   535.9113     1.0008     0.0369     0.0281     1.0000
   3427.6702   538.4172     1.0491     0.0376     0.0273     1.0000
   3427.6987   540.9144     0.9968     0.0366     0.0274     1.0000
   3427.7273   543.4203     0.9578     0.0357     0.0283     1.0000
   3427.7559   545.9262     1.0360     0.0374     0.0291     1.0000
   3427.7844   548.4234     1.0142     0.0366     0.0266     1.0000
   3427.8130   550.9293     0.9995     0.0440     0.0274     1.0000
   3427.8416   553.4352     0.9973     0.0394     0.0319     1.0000
   3427.8701   555.9324     0.9574     0.0382     0.0292     1.0000
   3427.8987   558.4383     0.9643     0.0387     0.0276     1.0000
   3427.9275   560.9617     0.9613     0.0386     0.0273     1.0000
   3427.9560   563.4589     0.9648     0.0374     0.0279     1.0000
   3427.9846   565.9648     1.0169     0.0361     0.0283     1.0000
   3428.0132   568.4707     1.0498     0.0377     0.0288     1.0000
   3428.0417   570.9679     1.0500     0.0380     0.0272     1.0000
   3428.0703   573.4738     1.0367     0.0376     0.0281     1.0000
   3428.0989   575.9797     1.0059     0.0370     0.0294     1.0000
   3428.1274   578.4769     1.0048     0.0372     0.0292     1.0000
   3428.1560   580.9828     1.0087     0.0370     0.0268     1.0000
   3428.1846   583.4887     1.0259     0.0372     0.0272     1.0000
   3428.2131   585.9859     1.0116     0.0371     0.0290     1.0000
   3428.2419   588.5093     1.0112     0.0372     0.0291     1.0000
   3428.2705   591.0152     0.9824     0.0364     0.0268     1.0000
   3428.2991   593.5211     1.0215     0.0370     0.0264     1.0000
   3428.3276   596.0183     1.0085     0.0365     0.0276     1.0000
   3428.3562   598.5242     1.0133     0.0369     0.0291     1.0000
   3428.3848   601.0301     1.0138     0.0369     0.0282     1.0000
   3428.4133   603.5273     0.9992     0.0364     0.0258     1.0000
